Case #1: 11 4 3 0 0 0 0 0 0 0 0
Case #2: 6 2 3 0 0 0
Case #3: 6 2 0 0 0 0
Case #4: 6 4 0 0 0 0
Case #5: 17 4 3 0 0 0 0 0 0 0 0 0 0 0 0 0 0
Case #6: 19 2 3 0 0 0 0 0 0 0 0 0 0 0 0 0 0 0 0
Case #7: 13 4 3 0 0 0 0 0 0 0 0 0 0
Case #8: 16 6 3 4 0 0 0 0 0 0 0 0 0 0 0 0
Case #9: 9 4 0 0 0 0 0 0 0
Case #10: 8 2 3 0 0 0 0 0
Case #11: 1
Case #12: 15 6 3 0 0 0 0 0 0 0 0 0 0 0 0
Case #13: 19 6 0 0 0 0 0 0 0 0 0 0 0 0 0 0 0 0 0
Case #14: 14 4 3 4 0 0 0 0 0 0 0 0 0 0
Case #15: 7 4 3 4 5 0 0
Case #16: 12 2 0 0 0 0 0 0 0 0 0 0
Case #17: 16 4 3 4 5 0 0 0 0 0 0 0 0 0 0 0
Case #18: 16 4 3 4 0 0 0 0 0 0 0 0 0 0 0 0
Case #19: 4 2 0 0
Case #20: 9 6 0 0 0 0 0 0 0
Case #21: 2 0
Case #22: 19 4 3 4 0 0 0 0 0 0 0 0 0 0 0 0 0 0 0
Case #23: 4 2 0 0
Case #24: 4 2 0 0
Case #25: 10 2 3 0 0 0 0 0 0 0
Case #26: 6 2 0 0 0 0
Case #27: 13 4 0 0 0 0 0 0 0 0 0 0 0
Case #28: 12 2 0 0 0 0 0 0 0 0 0 0
Case #29: 9 2 0 0 0 0 0 0 0
Case #30: 19 8 3 4 0 0 0 0 0 0 0 0 0 0 0 0 0 0 0
Case #31: 9 6 0 0 0 0 0 0 0
Case #32: 1
Case #33: 18 4 3 4 0 0 0 0 0 0 0 0 0 0 0 0 0 0
Case #34: 1
Case #35: 7 4 3 4 5 0 0
Case #36: 8 4 3 4 0 0 0 0
Case #37: 18 8 3 4 0 0 0 0 0 0 0 0 0 0 0 0 0 0
Case #38: 14 4 6 0 0 0 0 0 0 0 0 0 0 0
Case #39: 1
Case #40: 19 4 3 4 0 0 0 0 0 0 0 0 0 0 0 0 0 0 0
Case #41: 13 2 0 0 0 0 0 0 0 0 0 0 0
Case #42: 3 0 0
Case #43: 7 2 3 0 0 0 0
Case #44: 19 4 3 4 0 0 0 0 0 0 0 0 0 0 0 0 0 0 0
Case #45: 3 2 0
Case #46: 3 2 0
Case #47: 10 4 0 0 0 0 0 0 0 0
Case #48: 15 2 3 0 0 0 0 0 0 0 0 0 0 0 0
Case #49: 18 2 0 0 0 0 0 0 0 0 0 0 0 0 0 0 0 0
Case #50: 3 2 0
Case #51: 9 2 0 0 0 0 0 0 0
Case #52: 2 0
Case #53: 11 2 3 0 0 0 0 0 0 0 0
Case #54: 20 4 6 0 0 0 0 0 0 0 0 0 0 0 0 0 0 0 0 0
Case #55: 10 2 3 0 0 0 0 0 0 0
Case #56: 19 4 3 4 0 0 0 0 0 0 0 0 0 0 0 0 0 0 0
Case #57: 18 4 3 4 0 0 0 0 0 0 0 0 0 0 0 0 0 0
Case #58: 2 2
Case #59: 3 2 0
Case #60: 12 4 3 0 0 0 0 0 0 0 0 0
Case #61: 18 4 3 4 0 0 0 0 0 0 0 0 0 0 0 0 0 0
Case #62: 19 4 0 0 0 0 0 0 0 0 0 0 0 0 0 0 0 0 0
Case #63: 1
Case #64: 5 0 0 0 0
Case #65: 7 4 0 0 0 0 0
Case #66: 1
Case #67: 8 2 3 0 0 0 0 0
Case #68: 13 4 3 4 0 0 0 0 0 0 0 0 0
Case #69: 20 6 3 0 0 0 0 0 0 0 0 0 0 0 0 0 0 0 0 0
Case #70: 16 6 3 4 0 0 0 0 0 0 0 0 0 0 0 0
Case #71: 4 2 3 0
Case #72: 7 2 0 0 0 0 0
Case #73: 11 8 3 0 0 0 0 0 0 0 0
Case #74: 3 2 0
Case #75: 19 10 3 0 0 0 0 0 0 0 0 0 0 0 0 0 0 0 0
Case #76: 6 4 0 0 0 0
Case #77: 14 4 3 0 0 0 0 0 0 0 0 0 0 0
Case #78: 13 4 0 0 0 0 0 0 0 0 0 0 0
Case #79: 17 8 3 4 0 0 0 0 0 0 0 0 0 0 0 0 0
Case #80: 1
Case #81: 13 2 3 0 0 0 0 0 0 0 0 0 0
Case #82: 17 6 3 0 0 0 0 0 0 0 0 0 0 0 0 0 0
Case #83: 17 4 6 0 0 0 0 0 0 0 0 0 0 0 0 0 0
Case #84: 1
Case #85: 16 4 0 0 0 0 0 0 0 0 0 0 0 0 0 0
Case #86: 2 2
Case #87: 14 4 0 0 0 0 0 0 0 0 0 0 0 0
Case #88: 11 6 0 0 0 0 0 0 0 0 0
Case #89: 2 0
Case #90: 12 4 3 4 0 0 0 0 0 0 0 0
Case #91: 2 0
Case #92: 11 4 6 0 0 0 0 0 0 0 0
Case #93: 8 6 0 0 0 0 0 0
Case #94: 10 4 0 0 0 0 0 0 0 0
Case #95: 15 8 0 0 0 0 0 0 0 0 0 0 0 0 0
Case #96: 1
Case #97: 14 4 3 4 0 0 0 0 0 0 0 0 0 0
Case #98: 9 4 0 0 0 0 0 0 0
Case #99: 16 6 0 0 0 0 0 0 0 0 0 0 0 0 0 0
Case #100: 12 2 3 0 0 0 0 0 0 0 0 0
Case #101: 2 0
Case #102: 5 4 3 4 0
Case #103: 2 0
Case #104: 18 4 3 4 0 0 0 0 0 0 0 0 0 0 0 0 0 0
Case #105: 13 4 3 4 5 0 0 0 0 0 0 0 0
Case #106: 3 0 0
Case #107: 11 4 3 0 0 0 0 0 0 0 0
Case #108: 7 2 0 0 0 0 0
Case #109: 18 4 6 4 0 0 0 0 0 0 0 0 0 0 0 0 0 0
Case #110: 18 4 0 0 0 0 0 0 0 0 0 0 0 0 0 0 0 0
Case #111: 6 2 3 0 0 0
Case #112: 16 4 0 0 0 0 0 0 0 0 0 0 0 0 0 0
Case #113: 12 4 0 0 0 0 0 0 0 0 0 0
Case #114: 4 2 0 0
Case #115: 7 2 0 0 0 0 0
Case #116: 20 6 0 0 0 0 0 0 0 0 0 0 0 0 0 0 0 0 0 0
Case #117: 10 2 3 0 0 0 0 0 0 0
Case #118: 7 2 3 0 0 0 0
Case #119: 20 4 3 0 0 0 0 0 0 0 0 0 0 0 0 0 0 0 0 0
Case #120: 9 2 0 0 0 0 0 0 0
Case #121: 9 2 0 0 0 0 0 0 0
Case #122: 6 2 0 0 0 0
Case #123: 10 2 3 0 0 0 0 0 0 0
Case #124: 5 2 0 0 0
Case #125: 10 6 0 0 0 0 0 0 0 0
Case #126: 11 4 3 0 0 0 0 0 0 0 0
Case #127: 7 2 0 0 0 0 0
Case #128: 5 2 0 0 0
Case #129: 13 2 3 0 0 0 0 0 0 0 0 0 0
Case #130: 5 2 0 0 0
Case #131: 1
Case #132: 6 4 3 4 0 0
Case #133: 11 6 0 0 0 0 0 0 0 0 0
Case #134: 14 4 3 0 0 0 0 0 0 0 0 0 0 0
Case #135: 18 6 6 4 5 6 7 0 0 0 0 0 0 0 0 0 0 0
Case #136: 5 4 0 0 0
Case #137: 18 6 3 0 0 0 0 0 0 0 0 0 0 0 0 0 0 0
Case #138: 16 6 0 0 0 0 0 0 0 0 0 0 0 0 0 0
Case #139: 9 6 3 0 0 0 0 0 0
Case #140: 12 2 3 0 0 0 0 0 0 0 0 0
Case #141: 15 4 3 4 0 0 0 0 0 0 0 0 0 0 0
Case #142: 12 4 3 0 0 0 0 0 0 0 0 0
Case #143: 19 4 3 4 5 0 0 0 0 0 0 0 0 0 0 0 0 0 0
Case #144: 9 4 0 0 0 0 0 0 0
Case #145: 12 8 0 0 0 0 0 0 0 0 0 0
Case #146: 19 6 3 0 0 0 0 0 0 0 0 0 0 0 0 0 0 0 0
Case #147: 14 4 3 0 0 0 0 0 0 0 0 0 0 0
Case #148: 19 4 3 0 0 0 0 0 0 0 0 0 0 0 0 0 0 0 0
Case #149: 19 2 3 0 0 0 0 0 0 0 0 0 0 0 0 0 0 0 0
Case #150: 2 0
Case #151: 5 2 0 0 0
Case #152: 9 2 3 0 0 0 0 0 0
Case #153: 12 2 0 0 0 0 0 0 0 0 0 0
Case #154: 2 0
Case #155: 17 6 0 0 0 0 0 0 0 0 0 0 0 0 0 0 0
Case #156: 6 6 0 0 0 0
Case #157: 14 6 6 4 5 6 0 0 0 0 0 0 0 0
Case #158: 1
Case #159: 19 6 0 0 0 0 0 0 0 0 0 0 0 0 0 0 0 0 0
Case #160: 1
Case #161: 8 4 0 0 0 0 0 0
Case #162: 6 2 0 0 0 0
Case #163: 8 4 0 0 0 0 0 0
Case #164: 17 4 3 4 0 0 0 0 0 0 0 0 0 0 0 0 0
Case #165: 14 6 3 0 0 0 0 0 0 0 0 0 0 0
Case #166: 17 6 3 0 0 0 0 0 0 0 0 0 0 0 0 0 0
Case #167: 7 2 0 0 0 0 0
Case #168: 2 0
Case #169: 18 4 3 0 0 0 0 0 0 0 0 0 0 0 0 0 0 0
Case #170: 5 2 0 0 0
Case #171: 9 2 0 0 0 0 0 0 0
Case #172: 11 4 0 0 0 0 0 0 0 0 0
Case #173: 8 2 0 0 0 0 0 0
Case #174: 13 6 3 0 0 0 0 0 0 0 0 0 0
Case #175: 7 2 3 0 0 0 0
Case #176: 19 2 0 0 0 0 0 0 0 0 0 0 0 0 0 0 0 0 0
Case #177: 8 4 0 0 0 0 0 0
Case #178: 20 6 3 4 0 0 0 0 0 0 0 0 0 0 0 0 0 0 0 0
Case #179: 2 2
Case #180: 14 2 3 0 0 0 0 0 0 0 0 0 0 0
Case #181: 2 0
Case #182: 14 6 3 0 0 0 0 0 0 0 0 0 0 0
Case #183: 2 2
Case #184: 14 8 3 0 0 0 0 0 0 0 0 0 0 0
Case #185: 8 4 0 0 0 0 0 0
Case #186: 4 4 3 4
Case #187: 20 6 3 0 0 0 0 0 0 0 0 0 0 0 0 0 0 0 0 0
Case #188: 5 2 0 0 0
Case #189: 13 2 3 0 0 0 0 0 0 0 0 0 0
Case #190: 13 2 3 0 0 0 0 0 0 0 0 0 0
Case #191: 3 0 0
Case #192: 9 4 3 4 0 0 0 0 0
Case #193: 14 2 3 0 0 0 0 0 0 0 0 0 0 0
Case #194: 4 2 0 0
Case #195: 1
Case #196: 14 4 0 0 0 0 0 0 0 0 0 0 0 0
Case #197: 16 4 0 0 0 0 0 0 0 0 0 0 0 0 0 0
Case #198: 16 6 3 0 0 0 0 0 0 0 0 0 0 0 0 0
Case #199: 12 4 3 0 0 0 0 0 0 0 0 0
Case #200: 18 4 3 4 0 0 0 0 0 0 0 0 0 0 0 0 0 0
Case #201: 18 2 3 0 0 0 0 0 0 0 0 0 0 0 0 0 0 0
Case #202: 20 4 3 0 0 0 0 0 0 0 0 0 0 0 0 0 0 0 0 0
Case #203: 7 2 0 0 0 0 0
Case #204: 2 0
Case #205: 13 6 6 4 5 6 0 0 0 0 0 0 0
Case #206: 10 4 3 4 0 0 0 0 0 0
Case #207: 18 6 6 4 5 6 7 0 0 0 0 0 0 0 0 0 0 0
Case #208: 18 2 0 0 0 0 0 0 0 0 0 0 0 0 0 0 0 0
Case #209: 7 2 3 0 0 0 0
Case #210: 18 6 3 0 0 0 0 0 0 0 0 0 0 0 0 0 0 0
Case #211: 2 0
Case #212: 4 2 0 0
Case #213: 6 2 0 0 0 0
Case #214: 5 2 0 0 0
Case #215: 11 2 3 0 0 0 0 0 0 0 0
Case #216: 19 6 6 4 5 6 0 0 0 0 0 0 0 0 0 0 0 0 0
Case #217: 1
Case #218: 16 6 3 0 0 0 0 0 0 0 0 0 0 0 0 0
Case #219: 19 8 6 4 5 6 0 0 0 0 0 0 0 0 0 0 0 0 0
Case #220: 3 2 0
Case #221: 6 2 0 0 0 0
Case #222: 19 4 3 4 0 0 0 0 0 0 0 0 0 0 0 0 0 0 0
Case #223: 20 6 3 0 0 0 0 0 0 0 0 0 0 0 0 0 0 0 0 0
Case #224: 20 2 3 0 0 0 0 0 0 0 0 0 0 0 0 0 0 0 0 0
Case #225: 5 2 0 0 0
Case #226: 16 6 0 0 0 0 0 0 0 0 0 0 0 0 0 0
Case #227: 19 4 3 0 0 0 0 0 0 0 0 0 0 0 0 0 0 0 0
Case #228: 18 4 6 4 0 0 0 0 0 0 0 0 0 0 0 0 0 0
Case #229: 1
Case #230: 4 2 0 0
Case #231: 16 2 3 0 0 0 0 0 0 0 0 0 0 0 0 0
Case #232: 12 4 3 4 0 0 0 0 0 0 0 0
Case #233: 15 4 3 4 5 0 0 0 0 0 0 0 0 0 0
Case #234: 10 4 0 0 0 0 0 0 0 0
Case #235: 16 2 3 0 0 0 0 0 0 0 0 0 0 0 0 0
Case #236: 13 4 0 0 0 0 0 0 0 0 0 0 0
Case #237: 2 0
Case #238: 15 4 0 0 0 0 0 0 0 0 0 0 0 0 0
Case #239: 19 2 3 0 0 0 0 0 0 0 0 0 0 0 0 0 0 0 0
Case #240: 10 2 3 0 0 0 0 0 0 0
Case #241: 17 8 0 0 0 0 0 0 0 0 0 0 0 0 0 0 0
Case #242: 10 6 0 0 0 0 0 0 0 0
Case #243: 2 0
Case #244: 1
Case #245: 12 4 3 4 0 0 0 0 0 0 0 0
Case #246: 20 6 3 4 0 0 0 0 0 0 0 0 0 0 0 0 0 0 0 0
Case #247: 5 4 0 0 0
Case #248: 14 10 3 0 0 0 0 0 0 0 0 0 0 0
Case #249: 12 6 3 0 0 0 0 0 0 0 0 0
Case #250: 14 4 3 4 0 0 0 0 0 0 0 0 0 0
Case #251: 10 6 0 0 0 0 0 0 0 0
Case #252: 9 4 0 0 0 0 0 0 0
Case #253: 6 2 0 0 0 0
Case #254: 8 2 3 0 0 0 0 0
Case #255: 5 2 0 0 0
Case #256: 5 2 0 0 0
Case #257: 20 4 3 0 0 0 0 0 0 0 0 0 0 0 0 0 0 0 0 0
Case #258: 8 4 3 4 0 0 0 0
Case #259: 5 4 3 4 0
Case #260: 10 4 3 4 0 0 0 0 0 0
Case #261: 20 4 0 0 0 0 0 0 0 0 0 0 0 0 0 0 0 0 0 0
Case #262: 4 2 3 0
Case #263: 9 4 3 4 0 0 0 0 0
Case #264: 17 2 3 0 0 0 0 0 0 0 0 0 0 0 0 0 0
Case #265: 3 2 0
Case #266: 20 6 3 0 0 0 0 0 0 0 0 0 0 0 0 0 0 0 0 0
Case #267: 1
Case #268: 17 2 3 0 0 0 0 0 0 0 0 0 0 0 0 0 0
Case #269: 16 6 0 0 0 0 0 0 0 0 0 0 0 0 0 0
Case #270: 12 2 0 0 0 0 0 0 0 0 0 0
Case #271: 15 4 3 0 0 0 0 0 0 0 0 0 0 0 0
Case #272: 10 4 0 0 0 0 0 0 0 0
Case #273: 11 4 0 0 0 0 0 0 0 0 0
Case #274: 9 4 3 4 0 0 0 0 0
Case #275: 19 4 3 0 0 0 0 0 0 0 0 0 0 0 0 0 0 0 0
Case #276: 8 8 3 0 0 0 0 0
Case #277: 9 2 3 0 0 0 0 0 0
Case #278: 16 6 0 0 0 0 0 0 0 0 0 0 0 0 0 0
Case #279: 20 6 6 4 5 6 7 0 0 0 0 0 0 0 0 0 0 0 0 0
Case #280: 11 4 0 0 0 0 0 0 0 0 0
Case #281: 19 2 3 0 0 0 0 0 0 0 0 0 0 0 0 0 0 0 0
Case #282: 1
Case #283: 9 4 3 4 0 0 0 0 0
Case #284: 18 4 0 0 0 0 0 0 0 0 0 0 0 0 0 0 0 0
Case #285: 14 6 3 4 0 0 0 0 0 0 0 0 0 0
Case #286: 17 2 3 0 0 0 0 0 0 0 0 0 0 0 0 0 0
Case #287: 16 6 6 4 5 6 0 0 0 0 0 0 0 0 0 0
Case #288: 8 2 0 0 0 0 0 0
Case #289: 1
Case #290: 19 4 3 0 0 0 0 0 0 0 0 0 0 0 0 0 0 0 0
Case #291: 20 4 3 4 0 0 0 0 0 0 0 0 0 0 0 0 0 0 0 0
Case #292: 20 4 3 0 0 0 0 0 0 0 0 0 0 0 0 0 0 0 0 0
Case #293: 17 4 3 0 0 0 0 0 0 0 0 0 0 0 0 0 0
Case #294: 4 0 0 0
Case #295: 18 6 0 0 0 0 0 0 0 0 0 0 0 0 0 0 0 0
Case #296: 2 0
Case #297: 9 4 3 4 0 0 0 0 0
Case #298: 19 10 0 0 0 0 0 0 0 0 0 0 0 0 0 0 0 0 0
Case #299: 4 2 0 0
Case #300: 16 4 3 0 0 0 0 0 0 0 0 0 0 0 0 0
Case #301: 15 8 3 0 0 0 0 0 0 0 0 0 0 0 0
Case #302: 10 2 0 0 0 0 0 0 0 0
Case #303: 12 6 0 0 0 0 0 0 0 0 0 0
Case #304: 3 2 0
Case #305: 6 2 0 0 0 0
Case #306: 7 2 3 0 0 0 0
Case #307: 20 6 3 4 0 0 0 0 0 0 0 0 0 0 0 0 0 0 0 0
Case #308: 13 4 0 0 0 0 0 0 0 0 0 0 0
Case #309: 12 4 0 0 0 0 0 0 0 0 0 0
Case #310: 15 4 0 0 0 0 0 0 0 0 0 0 0 0 0
Case #311: 16 4 3 4 0 0 0 0 0 0 0 0 0 0 0 0
Case #312: 14 4 6 0 0 0 0 0 0 0 0 0 0 0
Case #313: 5 0 0 0 0
Case #314: 14 6 3 0 0 0 0 0 0 0 0 0 0 0
Case #315: 18 10 3 4 0 0 0 0 0 0 0 0 0 0 0 0 0 0
Case #316: 4 2 0 0
Case #317: 19 6 0 0 0 0 0 0 0 0 0 0 0 0 0 0 0 0 0
Case #318: 17 6 3 0 0 0 0 0 0 0 0 0 0 0 0 0 0
Case #319: 17 4 3 0 0 0 0 0 0 0 0 0 0 0 0 0 0
Case #320: 12 6 9 0 0 0 0 0 0 0 0 0
Case #321: 5 2 3 0 0
Case #322: 17 4 0 0 0 0 0 0 0 0 0 0 0 0 0 0 0
Case #323: 1
Case #324: 2 0
Case #325: 15 6 6 4 5 6 7 0 0 0 0 0 0 0 0
Case #326: 5 2 0 0 0
Case #327: 10 2 0 0 0 0 0 0 0 0
Case #328: 3 2 0
Case #329: 6 2 0 0 0 0
Case #330: 6 2 3 0 0 0
Case #331: 16 4 3 4 0 0 0 0 0 0 0 0 0 0 0 0
Case #332: 6 2 0 0 0 0
Case #333: 7 2 3 0 0 0 0
Case #334: 9 4 3 0 0 0 0 0 0
Case #335: 9 4 0 0 0 0 0 0 0
Case #336: 16 8 9 8 5 6 7 8 9 0 0 0 0 0 0 0
Case #337: 5 2 3 0 0
Case #338: 2 0
Case #339: 1
Case #340: 3 0 0
Case #341: 2 0
Case #342: 3 0 0
Case #343: 8 2 0 0 0 0 0 0
Case #344: 2 2
Case #345: 20 8 6 8 0 0 0 0 0 0 0 0 0 0 0 0 0 0 0 0
Case #346: 8 4 0 0 0 0 0 0
Case #347: 5 2 0 0 0
Case #348: 18 2 3 0 0 0 0 0 0 0 0 0 0 0 0 0 0 0
Case #349: 13 6 3 0 0 0 0 0 0 0 0 0 0
Case #350: 13 4 3 0 0 0 0 0 0 0 0 0 0
Case #351: 3 0 0
Case #352: 17 6 3 0 0 0 0 0 0 0 0 0 0 0 0 0 0
Case #353: 5 4 3 4 0
Case #354: 17 4 3 4 0 0 0 0 0 0 0 0 0 0 0 0 0
Case #355: 6 2 0 0 0 0
Case #356: 11 4 6 0 0 0 0 0 0 0 0
Case #357: 5 2 0 0 0
Case #358: 2 0
Case #359: 15 4 3 0 0 0 0 0 0 0 0 0 0 0 0
Case #360: 7 2 3 0 0 0 0
Case #361: 8 2 3 0 0 0 0 0
Case #362: 15 4 3 4 5 0 0 0 0 0 0 0 0 0 0
Case #363: 19 6 3 0 0 0 0 0 0 0 0 0 0 0 0 0 0 0 0
Case #364: 19 4 0 0 0 0 0 0 0 0 0 0 0 0 0 0 0 0 0
Case #365: 14 4 3 4 0 0 0 0 0 0 0 0 0 0
Case #366: 9 2 3 0 0 0 0 0 0
Case #367: 12 8 0 0 0 0 0 0 0 0 0 0
Case #368: 5 2 3 0 0
Case #369: 9 2 3 0 0 0 0 0 0
Case #370: 19 4 3 0 0 0 0 0 0 0 0 0 0 0 0 0 0 0 0
Case #371: 16 4 3 4 5 0 0 0 0 0 0 0 0 0 0 0
Case #372: 5 0 0 0 0
Case #373: 9 6 0 0 0 0 0 0 0
Case #374: 19 6 3 4 0 0 0 0 0 0 0 0 0 0 0 0 0 0 0
Case #375: 9 2 3 0 0 0 0 0 0
Case #376: 13 6 0 0 0 0 0 0 0 0 0 0 0
Case #377: 20 6 3 0 0 0 0 0 0 0 0 0 0 0 0 0 0 0 0 0
Case #378: 7 4 0 0 0 0 0
Case #379: 7 6 0 0 0 0 0
Case #380: 7 2 3 0 0 0 0
Case #381: 19 4 3 4 0 0 0 0 0 0 0 0 0 0 0 0 0 0 0
Case #382: 17 4 0 0 0 0 0 0 0 0 0 0 0 0 0 0 0
Case #383: 5 4 3 4 0
Case #384: 20 4 3 0 0 0 0 0 0 0 0 0 0 0 0 0 0 0 0 0
Case #385: 14 4 0 0 0 0 0 0 0 0 0 0 0 0
Case #386: 20 4 3 0 0 0 0 0 0 0 0 0 0 0 0 0 0 0 0 0
Case #387: 11 2 3 0 0 0 0 0 0 0 0
Case #388: 10 8 3 0 0 0 0 0 0 0
Case #389: 17 4 3 4 0 0 0 0 0 0 0 0 0 0 0 0 0
Case #390: 1
Case #391: 15 4 3 4 5 0 0 0 0 0 0 0 0 0 0
Case #392: 1
Case #393: 12 4 0 0 0 0 0 0 0 0 0 0
Case #394: 11 2 0 0 0 0 0 0 0 0 0
Case #395: 13 2 0 0 0 0 0 0 0 0 0 0 0
Case #396: 7 2 0 0 0 0 0
Case #397: 12 4 3 4 0 0 0 0 0 0 0 0
Case #398: 9 4 3 0 0 0 0 0 0
Case #399: 7 2 0 0 0 0 0
Case #400: 4 4 0 0
Case #401: 12 4 0 0 0 0 0 0 0 0 0 0
Case #402: 17 4 6 0 0 0 0 0 0 0 0 0 0 0 0 0 0
Case #403: 19 6 3 4 0 0 0 0 0 0 0 0 0 0 0 0 0 0 0
Case #404: 11 6 0 0 0 0 0 0 0 0 0
Case #405: 19 8 0 0 0 0 0 0 0 0 0 0 0 0 0 0 0 0 0
Case #406: 20 8 3 4 5 0 0 0 0 0 0 0 0 0 0 0 0 0 0 0
Case #407: 6 4 0 0 0 0
Case #408: 8 2 3 0 0 0 0 0
Case #409: 17 2 3 0 0 0 0 0 0 0 0 0 0 0 0 0 0
Case #410: 19 4 3 4 0 0 0 0 0 0 0 0 0 0 0 0 0 0 0
Case #411: 6 2 0 0 0 0
Case #412: 17 4 0 0 0 0 0 0 0 0 0 0 0 0 0 0 0
Case #413: 19 4 3 0 0 0 0 0 0 0 0 0 0 0 0 0 0 0 0
Case #414: 7 4 3 4 5 0 0
Case #415: 2 0
Case #416: 14 4 3 0 0 0 0 0 0 0 0 0 0 0
Case #417: 1
Case #418: 4 2 0 0
Case #419: 12 2 0 0 0 0 0 0 0 0 0 0
Case #420: 8 4 0 0 0 0 0 0
Case #421: 18 4 3 0 0 0 0 0 0 0 0 0 0 0 0 0 0 0
Case #422: 9 2 0 0 0 0 0 0 0
Case #423: 15 8 6 8 0 0 0 0 0 0 0 0 0 0 0
Case #424: 18 4 3 0 0 0 0 0 0 0 0 0 0 0 0 0 0 0
Case #425: 14 4 6 0 0 0 0 0 0 0 0 0 0 0
Case #426: 14 4 3 4 5 0 0 0 0 0 0 0 0 0
Case #427: 17 2 0 0 0 0 0 0 0 0 0 0 0 0 0 0 0
Case #428: 20 4 0 0 0 0 0 0 0 0 0 0 0 0 0 0 0 0 0 0
Case #429: 2 0
Case #430: 4 2 0 0
Case #431: 1
Case #432: 2 0
Case #433: 17 2 3 0 0 0 0 0 0 0 0 0 0 0 0 0 0
Case #434: 13 6 0 0 0 0 0 0 0 0 0 0 0
Case #435: 3 0 0
Case #436: 13 6 3 4 0 0 0 0 0 0 0 0 0
Case #437: 6 2 0 0 0 0
Case #438: 7 4 0 0 0 0 0
Case #439: 14 4 3 4 0 0 0 0 0 0 0 0 0 0
Case #440: 1
Case #441: 15 4 3 4 0 0 0 0 0 0 0 0 0 0 0
Case #442: 17 4 3 4 0 0 0 0 0 0 0 0 0 0 0 0 0
Case #443: 18 4 3 0 0 0 0 0 0 0 0 0 0 0 0 0 0 0
Case #444: 19 4 3 0 0 0 0 0 0 0 0 0 0 0 0 0 0 0 0
Case #445: 4 2 0 0
Case #446: 17 4 3 0 0 0 0 0 0 0 0 0 0 0 0 0 0
Case #447: 15 4 3 0 0 0 0 0 0 0 0 0 0 0 0
Case #448: 1
Case #449: 11 2 3 0 0 0 0 0 0 0 0
Case #450: 5 2 0 0 0
Case #451: 8 2 3 0 0 0 0 0
Case #452: 17 6 3 0 0 0 0 0 0 0 0 0 0 0 0 0 0
Case #453: 1
Case #454: 1
Case #455: 18 2 3 0 0 0 0 0 0 0 0 0 0 0 0 0 0 0
Case #456: 20 8 3 0 0 0 0 0 0 0 0 0 0 0 0 0 0 0 0 0
Case #457: 1
Case #458: 13 2 0 0 0 0 0 0 0 0 0 0 0
Case #459: 14 4 3 0 0 0 0 0 0 0 0 0 0 0
Case #460: 1
Case #461: 20 6 3 4 0 0 0 0 0 0 0 0 0 0 0 0 0 0 0 0
Case #462: 11 6 0 0 0 0 0 0 0 0 0
Case #463: 18 6 0 0 0 0 0 0 0 0 0 0 0 0 0 0 0 0
Case #464: 12 2 3 0 0 0 0 0 0 0 0 0
Case #465: 7 0 0 0 0 0 0
Case #466: 5 0 0 0 0
Case #467: 8 4 0 0 0 0 0 0
Case #468: 14 2 0 0 0 0 0 0 0 0 0 0 0 0
Case #469: 3 2 0
Case #470: 17 4 3 4 5 0 0 0 0 0 0 0 0 0 0 0 0
Case #471: 9 2 3 0 0 0 0 0 0
Case #472: 19 2 3 0 0 0 0 0 0 0 0 0 0 0 0 0 0 0 0
Case #473: 7 2 3 0 0 0 0
Case #474: 9 6 0 0 0 0 0 0 0
Case #475: 3 2 0
Case #476: 17 2 0 0 0 0 0 0 0 0 0 0 0 0 0 0 0
Case #477: 20 10 3 0 0 0 0 0 0 0 0 0 0 0 0 0 0 0 0 0
Case #478: 14 6 3 0 0 0 0 0 0 0 0 0 0 0
Case #479: 11 2 0 0 0 0 0 0 0 0 0
Case #480: 11 4 3 4 0 0 0 0 0 0 0
Case #481: 16 4 3 4 5 0 0 0 0 0 0 0 0 0 0 0
Case #482: 16 4 3 4 0 0 0 0 0 0 0 0 0 0 0 0
Case #483: 4 4 3 4
Case #484: 4 0 0 0
Case #485: 2 0
Case #486: 7 2 0 0 0 0 0
Case #487: 7 6 0 0 0 0 0
Case #488: 14 4 3 4 5 0 0 0 0 0 0 0 0 0
Case #489: 2 0
Case #490: 18 4 3 0 0 0 0 0 0 0 0 0 0 0 0 0 0 0
Case #491: 8 2 0 0 0 0 0 0
Case #492: 13 4 0 0 0 0 0 0 0 0 0 0 0
Case #493: 7 4 0 0 0 0 0
Case #494: 4 2 0 0
Case #495: 4 2 0 0
Case #496: 1
Case #497: 15 6 0 0 0 0 0 0 0 0 0 0 0 0 0
Case #498: 2 0
Case #499: 9 2 3 0 0 0 0 0 0
Case #500: 9 2 3 0 0 0 0 0 0
Case #501: 11 2 0 0 0 0 0 0 0 0 0
Case #502: 14 4 3 0 0 0 0 0 0 0 0 0 0 0
Case #503: 5 2 0 0 0
Case #504: 11 8 0 0 0 0 0 0 0 0 0
Case #505: 17 6 0 0 0 0 0 0 0 0 0 0 0 0 0 0 0
Case #506: 14 6 6 4 5 6 0 0 0 0 0 0 0 0
Case #507: 9 4 3 4 0 0 0 0 0
Case #508: 11 2 3 0 0 0 0 0 0 0 0
Case #509: 3 2 0
Case #510: 4 2 0 0
Case #511: 1
Case #512: 20 6 3 4 0 0 0 0 0 0 0 0 0 0 0 0 0 0 0 0
Case #513: 15 4 6 0 0 0 0 0 0 0 0 0 0 0 0
Case #514: 11 6 6 4 5 6 0 0 0 0 0
Case #515: 3 2 3
Case #516: 10 4 3 0 0 0 0 0 0 0
Case #517: 11 6 0 0 0 0 0 0 0 0 0
Case #518: 12 2 3 0 0 0 0 0 0 0 0 0
Case #519: 7 6 0 0 0 0 0
Case #520: 12 4 3 4 0 0 0 0 0 0 0 0
Case #521: 16 2 3 0 0 0 0 0 0 0 0 0 0 0 0 0
Case #522: 2 0
Case #523: 16 6 3 0 0 0 0 0 0 0 0 0 0 0 0 0
Case #524: 1
Case #525: 18 4 0 0 0 0 0 0 0 0 0 0 0 0 0 0 0 0
Case #526: 2 2
Case #527: 20 4 3 4 0 0 0 0 0 0 0 0 0 0 0 0 0 0 0 0
Case #528: 20 4 3 4 0 0 0 0 0 0 0 0 0 0 0 0 0 0 0 0
Case #529: 17 6 0 0 0 0 0 0 0 0 0 0 0 0 0 0 0
Case #530: 11 4 3 4 0 0 0 0 0 0 0
Case #531: 5 2 0 0 0
Case #532: 9 2 3 0 0 0 0 0 0
Case #533: 18 4 6 4 0 0 0 0 0 0 0 0 0 0 0 0 0 0
Case #534: 14 2 3 0 0 0 0 0 0 0 0 0 0 0
Case #535: 19 8 0 0 0 0 0 0 0 0 0 0 0 0 0 0 0 0 0
Case #536: 19 4 3 0 0 0 0 0 0 0 0 0 0 0 0 0 0 0 0
Case #537: 5 2 3 0 0
Case #538: 20 6 3 0 0 0 0 0 0 0 0 0 0 0 0 0 0 0 0 0
Case #539: 17 8 6 4 5 6 0 0 0 0 0 0 0 0 0 0 0
Case #540: 18 6 3 4 0 0 0 0 0 0 0 0 0 0 0 0 0 0
Case #541: 5 2 0 0 0
Case #542: 15 4 0 0 0 0 0 0 0 0 0 0 0 0 0
Case #543: 19 6 3 0 0 0 0 0 0 0 0 0 0 0 0 0 0 0 0
Case #544: 7 2 0 0 0 0 0
Case #545: 9 2 3 0 0 0 0 0 0
Case #546: 10 4 3 0 0 0 0 0 0 0
Case #547: 3 2 0
Case #548: 12 4 3 4 0 0 0 0 0 0 0 0
Case #549: 17 6 3 0 0 0 0 0 0 0 0 0 0 0 0 0 0
Case #550: 4 2 0 0
Case #551: 6 2 0 0 0 0
Case #552: 1
Case #553: 14 4 0 0 0 0 0 0 0 0 0 0 0 0
Case #554: 14 6 3 0 0 0 0 0 0 0 0 0 0 0
Case #555: 11 4 0 0 0 0 0 0 0 0 0
Case #556: 16 6 3 0 0 0 0 0 0 0 0 0 0 0 0 0
Case #557: 3 0 0
Case #558: 4 2 0 0
Case #559: 15 6 3 0 0 0 0 0 0 0 0 0 0 0 0
Case #560: 18 4 0 0 0 0 0 0 0 0 0 0 0 0 0 0 0 0
Case #561: 3 2 0
Case #562: 5 2 0 0 0
Case #563: 8 2 0 0 0 0 0 0
Case #564: 4 2 0 0
Case #565: 5 0 0 0 0
Case #566: 15 4 3 0 0 0 0 0 0 0 0 0 0 0 0
Case #567: 7 4 0 0 0 0 0
Case #568: 20 4 3 4 0 0 0 0 0 0 0 0 0 0 0 0 0 0 0 0
Case #569: 19 4 6 4 0 0 0 0 0 0 0 0 0 0 0 0 0 0 0
Case #570: 10 4 3 0 0 0 0 0 0 0
Case #571: 19 6 3 4 0 0 0 0 0 0 0 0 0 0 0 0 0 0 0
Case #572: 9 8 0 0 0 0 0 0 0
Case #573: 10 2 0 0 0 0 0 0 0 0
Case #574: 4 4 0 0
Case #575: 13 6 0 0 0 0 0 0 0 0 0 0 0
Case #576: 11 4 3 4 0 0 0 0 0 0 0
Case #577: 2 0
Case #578: 20 4 3 4 0 0 0 0 0 0 0 0 0 0 0 0 0 0 0 0
Case #579: 4 2 0 0
Case #580: 7 4 3 4 0 0 0
Case #581: 15 6 0 0 0 0 0 0 0 0 0 0 0 0 0
Case #582: 18 8 0 0 0 0 0 0 0 0 0 0 0 0 0 0 0 0
Case #583: 10 6 0 0 0 0 0 0 0 0
Case #584: 4 4 0 0
Case #585: 9 2 3 0 0 0 0 0 0
Case #586: 19 6 6 4 5 6 0 0 0 0 0 0 0 0 0 0 0 0 0
Case #587: 2 0
Case #588: 1
Case #589: 5 2 0 0 0
Case #590: 2 0
Case #591: 9 6 0 0 0 0 0 0 0
Case #592: 18 4 6 0 0 0 0 0 0 0 0 0 0 0 0 0 0 0
Case #593: 10 4 3 4 5 0 0 0 0 0
Case #594: 14 8 0 0 0 0 0 0 0 0 0 0 0 0
Case #595: 18 2 3 0 0 0 0 0 0 0 0 0 0 0 0 0 0 0
Case #596: 6 2 0 0 0 0
Case #597: 7 2 3 0 0 0 0
Case #598: 3 2 3
Case #599: 9 4 3 4 0 0 0 0 0
Case #600: 20 4 3 0 0 0 0 0 0 0 0 0 0 0 0 0 0 0 0 0
Case #601: 2 0
Case #602: 9 4 0 0 0 0 0 0 0
Case #603: 2 0
Case #604: 19 6 3 4 0 0 0 0 0 0 0 0 0 0 0 0 0 0 0
Case #605: 17 4 0 0 0 0 0 0 0 0 0 0 0 0 0 0 0
Case #606: 17 2 0 0 0 0 0 0 0 0 0 0 0 0 0 0 0
Case #607: 18 10 0 0 0 0 0 0 0 0 0 0 0 0 0 0 0 0
Case #608: 8 2 3 0 0 0 0 0
Case #609: 13 4 0 0 0 0 0 0 0 0 0 0 0
Case #610: 16 4 3 4 5 0 0 0 0 0 0 0 0 0 0 0
Case #611: 4 0 0 0
Case #612: 4 2 0 0
Case #613: 11 4 3 0 0 0 0 0 0 0 0
Case #614: 12 2 3 0 0 0 0 0 0 0 0 0
Case #615: 3 0 0
Case #616: 14 6 3 0 0 0 0 0 0 0 0 0 0 0
Case #617: 2 2
Case #618: 5 2 3 0 0
Case #619: 13 6 3 0 0 0 0 0 0 0 0 0 0
Case #620: 5 0 0 0 0
Case #621: 12 4 3 4 0 0 0 0 0 0 0 0
Case #622: 2 2
Case #623: 13 6 6 4 5 6 0 0 0 0 0 0 0
Case #624: 3 2 3
Case #625: 4 2 0 0
Case #626: 18 6 0 0 0 0 0 0 0 0 0 0 0 0 0 0 0 0
Case #627: 9 2 0 0 0 0 0 0 0
Case #628: 17 4 0 0 0 0 0 0 0 0 0 0 0 0 0 0 0
Case #629: 4 0 0 0
Case #630: 16 2 0 0 0 0 0 0 0 0 0 0 0 0 0 0
Case #631: 2 0
Case #632: 4 0 0 0
Case #633: 5 2 0 0 0
Case #634: 18 8 3 0 0 0 0 0 0 0 0 0 0 0 0 0 0 0
Case #635: 18 4 3 0 0 0 0 0 0 0 0 0 0 0 0 0 0 0
Case #636: 11 2 3 0 0 0 0 0 0 0 0
Case #637: 20 4 0 0 0 0 0 0 0 0 0 0 0 0 0 0 0 0 0 0
Case #638: 12 4 3 0 0 0 0 0 0 0 0 0
Case #639: 8 2 0 0 0 0 0 0
Case #640: 9 2 0 0 0 0 0 0 0
Case #641: 12 4 3 4 5 0 0 0 0 0 0 0
Case #642: 14 6 0 0 0 0 0 0 0 0 0 0 0 0
Case #643: 1
Case #644: 19 4 3 4 0 0 0 0 0 0 0 0 0 0 0 0 0 0 0
Case #645: 7 4 3 4 0 0 0
Case #646: 3 2 3
Case #647: 6 0 0 0 0 0
Case #648: 19 6 6 0 0 0 0 0 0 0 0 0 0 0 0 0 0 0 0
Case #649: 8 4 0 0 0 0 0 0
Case #650: 12 2 0 0 0 0 0 0 0 0 0 0
Case #651: 14 2 3 0 0 0 0 0 0 0 0 0 0 0
Case #652: 18 6 3 0 0 0 0 0 0 0 0 0 0 0 0 0 0 0
Case #653: 6 2 0 0 0 0
Case #654: 5 2 0 0 0
Case #655: 8 2 3 0 0 0 0 0
Case #656: 7 2 0 0 0 0 0
Case #657: 5 2 0 0 0
Case #658: 20 4 0 0 0 0 0 0 0 0 0 0 0 0 0 0 0 0 0 0
Case #659: 19 8 3 0 0 0 0 0 0 0 0 0 0 0 0 0 0 0 0
Case #660: 15 4 3 4 0 0 0 0 0 0 0 0 0 0 0
Case #661: 19 6 3 4 0 0 0 0 0 0 0 0 0 0 0 0 0 0 0
Case #662: 3 2 0
Case #663: 1
Case #664: 9 2 0 0 0 0 0 0 0
Case #665: 14 4 3 4 5 0 0 0 0 0 0 0 0 0
Case #666: 15 2 3 0 0 0 0 0 0 0 0 0 0 0 0
