100
0 1 2 3
4 5 6 7
8 9 10 11
12 13 14 15
0 1 2 3
4 5 6 7
8 9 10 11
12 13 15 14
0 1 2 3
4 5 6 7
8 9 10 11
12 14 13 15
0 1 2 3
4 5 6 7
8 9 10 11
12 14 15 13
0 1 2 3
4 5 6 7
8 9 10 11
12 15 13 14
0 1 2 3
4 5 6 7
8 9 10 11
12 15 14 13
0 1 2 3
4 5 6 7
8 9 10 11
13 12 14 15
0 1 2 3
4 5 6 7
8 9 10 11
13 12 15 14
0 1 2 3
4 5 6 7
8 9 10 11
13 14 12 15
0 1 2 3
4 5 6 7
8 9 10 11
13 14 15 12
0 1 2 3
4 5 6 7
8 9 10 11
13 15 12 14
0 1 2 3
4 5 6 7
8 9 10 11
13 15 14 12
0 1 2 3
4 5 6 7
8 9 10 11
14 12 13 15
0 1 2 3
4 5 6 7
8 9 10 11
14 12 15 13
0 1 2 3
4 5 6 7
8 9 10 11
14 13 12 15
0 1 2 3
4 5 6 7
8 9 10 11
14 13 15 12
0 1 2 3
4 5 6 7
8 9 10 11
14 15 12 13
0 1 2 3
4 5 6 7
8 9 10 11
14 15 13 12
0 1 2 3
4 5 6 7
8 9 10 11
15 12 13 14
0 1 2 3
4 5 6 7
8 9 10 11
15 12 14 13
0 1 2 3
4 5 6 7
8 9 10 11
15 13 12 14
0 1 2 3
4 5 6 7
8 9 10 11
15 13 14 12
0 1 2 3
4 5 6 7
8 9 10 11
15 14 12 13
0 1 2 3
4 5 6 7
8 9 10 11
15 14 13 12
0 1 2 3
4 5 6 7
8 9 10 12
11 13 14 15
0 1 2 3
4 5 6 7
8 9 10 12
11 13 15 14
0 1 2 3
4 5 6 7
8 9 10 12
11 14 13 15
0 1 2 3
4 5 6 7
8 9 10 12
11 14 15 13
0 1 2 3
4 5 6 7
8 9 10 12
11 15 13 14
0 1 2 3
4 5 6 7
8 9 10 12
11 15 14 13
0 1 2 3
4 5 6 7
8 9 10 12
13 11 14 15
0 1 2 3
4 5 6 7
8 9 10 12
13 11 15 14
0 1 2 3
4 5 6 7
8 9 10 12
13 14 11 15
0 1 2 3
4 5 6 7
8 9 10 12
13 14 15 11
0 1 2 3
4 5 6 7
8 9 10 12
13 15 11 14
0 1 2 3
4 5 6 7
8 9 10 12
13 15 14 11
0 1 2 3
4 5 6 7
8 9 10 12
14 11 13 15
0 1 2 3
4 5 6 7
8 9 10 12
14 11 15 13
0 1 2 3
4 5 6 7
8 9 10 12
14 13 11 15
0 1 2 3
4 5 6 7
8 9 10 12
14 13 15 11
0 1 2 3
4 5 6 7
8 9 10 12
14 15 11 13
0 1 2 3
4 5 6 7
8 9 10 12
14 15 13 11
0 1 2 3
4 5 6 7
8 9 10 12
15 11 13 14
0 1 2 3
4 5 6 7
8 9 10 12
15 11 14 13
0 1 2 3
4 5 6 7
8 9 10 12
15 13 11 14
0 1 2 3
4 5 6 7
8 9 10 12
15 13 14 11
0 1 2 3
4 5 6 7
8 9 10 12
15 14 11 13
0 1 2 3
4 5 6 7
8 9 10 12
15 14 13 11
0 1 2 3
4 5 6 7
8 9 10 13
11 12 14 15
0 1 2 3
4 5 6 7
8 9 10 13
11 12 15 14
14 15 12 11
13 10 9 8
7 6 5 4
3 2 1 0
14 15 12 13
0 1 2 3
4 5 6 7
8 9 10 11
14 15 12 13
0 1 2 3
4 5 6 7
8 9 11 10
14 15 12 13
0 1 2 3
4 5 6 7
8 10 9 11
14 15 12 13
0 1 2 3
4 5 6 7
8 10 11 9
14 15 12 13
0 1 2 3
4 5 6 7
8 11 9 10
14 15 12 13
0 1 2 3
4 5 6 7
8 11 10 9
14 15 12 13
0 1 2 3
4 5 6 7
9 8 10 11
14 15 12 13
0 1 2 3
4 5 6 7
9 8 11 10
14 15 12 13
0 1 2 3
4 5 6 7
9 10 8 11
14 15 12 13
0 1 2 3
4 5 6 7
9 10 11 8
14 15 12 13
0 1 2 3
4 5 6 7
9 11 8 10
14 15 12 13
0 1 2 3
4 5 6 7
9 11 10 8
14 15 12 13
0 1 2 3
4 5 6 7
10 8 9 11
14 15 12 13
0 1 2 3
4 5 6 7
10 8 11 9
14 15 12 13
0 1 2 3
4 5 6 7
10 9 8 11
14 15 12 13
0 1 2 3
4 5 6 7
10 9 11 8
14 15 12 13
0 1 2 3
4 5 6 7
10 11 8 9
14 15 12 13
0 1 2 3
4 5 6 7
10 11 9 8
14 15 12 13
0 1 2 3
4 5 6 7
11 8 9 10
14 15 12 13
0 1 2 3
4 5 6 7
11 8 10 9
14 15 12 13
0 1 2 3
4 5 6 7
11 9 8 10
14 15 12 13
0 1 2 3
4 5 6 7
11 9 10 8
14 15 12 13
0 1 2 3
4 5 6 7
11 10 8 9
14 15 12 13
0 1 2 3
4 5 6 7
11 10 9 8
14 15 12 13
0 1 2 3
4 5 6 8
7 9 10 11
14 15 12 13
0 1 2 3
4 5 6 8
7 9 11 10
14 15 12 13
0 1 2 3
4 5 6 8
7 10 9 11
14 15 12 13
0 1 2 3
4 5 6 8
7 10 11 9
14 15 12 13
0 1 2 3
4 5 6 8
7 11 9 10
14 15 12 13
0 1 2 3
4 5 6 8
7 11 10 9
14 15 12 13
0 1 2 3
4 5 6 8
9 7 10 11
14 15 12 13
0 1 2 3
4 5 6 8
9 7 11 10
14 15 12 13
0 1 2 3
4 5 6 8
9 10 7 11
14 15 12 13
0 1 2 3
4 5 6 8
9 10 11 7
14 15 12 13
0 1 2 3
4 5 6 8
9 11 7 10
14 15 12 13
0 1 2 3
4 5 6 8
9 11 10 7
14 15 12 13
0 1 2 3
4 5 6 8
10 7 9 11
14 15 12 13
0 1 2 3
4 5 6 8
10 7 11 9
14 15 12 13
0 1 2 3
4 5 6 8
10 9 7 11
14 15 12 13
0 1 2 3
4 5 6 8
10 9 11 7
14 15 12 13
0 1 2 3
4 5 6 8
10 11 7 9
14 15 12 13
0 1 2 3
4 5 6 8
10 11 9 7
14 15 12 13
0 1 2 3
4 5 6 8
11 7 9 10
14 15 12 13
0 1 2 3
4 5 6 8
11 7 10 9
14 15 12 13
0 1 2 3
4 5 6 8
11 9 7 10
14 15 12 13
0 1 2 3
4 5 6 8
11 9 10 7
14 15 12 13
0 1 2 3
4 5 6 8
11 10 7 9
14 15 12 13
0 1 2 3
4 5 6 8
11 10 9 7
14 15 12 13
0 1 2 3
4 5 6 9
7 8 10 11
