81
2 9 2 9 4 7 7 5
2 9 5 10 4 7 7 5
2 9 9 8 4 7 7 5
2 9 3 6 4 7 7 5
2 9 5 6 4 7 7 5
2 9 10 6 4 7 7 5
2 9 1 2 4 7 7 5
2 9 6 3 4 7 7 5
2 9 8 2 4 7 7 5
5 10 2 9 4 7 7 5
5 10 5 10 4 7 7 5
5 10 9 8 4 7 7 5
5 10 3 6 4 7 7 5
5 10 5 6 4 7 7 5
5 10 10 6 4 7 7 5
5 10 1 2 4 7 7 5
5 10 6 3 4 7 7 5
5 10 8 2 4 7 7 5
9 8 2 9 4 7 7 5
9 8 5 10 4 7 7 5
9 8 9 8 4 7 7 5
9 8 3 6 4 7 7 5
9 8 5 6 4 7 7 5
9 8 10 6 4 7 7 5
9 8 1 2 4 7 7 5
9 8 6 3 4 7 7 5
9 8 8 2 4 7 7 5
3 6 2 9 4 7 7 5
3 6 5 10 4 7 7 5
3 6 9 8 4 7 7 5
3 6 3 6 4 7 7 5
3 6 5 6 4 7 7 5
3 6 10 6 4 7 7 5
3 6 1 2 4 7 7 5
3 6 6 3 4 7 7 5
3 6 8 2 4 7 7 5
5 6 2 9 4 7 7 5
5 6 5 10 4 7 7 5
5 6 9 8 4 7 7 5
5 6 3 6 4 7 7 5
5 6 5 6 4 7 7 5
5 6 10 6 4 7 7 5
5 6 1 2 4 7 7 5
5 6 6 3 4 7 7 5
5 6 8 2 4 7 7 5
10 6 2 9 4 7 7 5
10 6 5 10 4 7 7 5
10 6 9 8 4 7 7 5
10 6 3 6 4 7 7 5
10 6 5 6 4 7 7 5
10 6 10 6 4 7 7 5
10 6 1 2 4 7 7 5
10 6 6 3 4 7 7 5
10 6 8 2 4 7 7 5
1 2 2 9 4 7 7 5
1 2 5 10 4 7 7 5
1 2 9 8 4 7 7 5
1 2 3 6 4 7 7 5
1 2 5 6 4 7 7 5
1 2 10 6 4 7 7 5
1 2 1 2 4 7 7 5
1 2 6 3 4 7 7 5
1 2 8 2 4 7 7 5
6 3 2 9 4 7 7 5
6 3 5 10 4 7 7 5
6 3 9 8 4 7 7 5
6 3 3 6 4 7 7 5
6 3 5 6 4 7 7 5
6 3 10 6 4 7 7 5
6 3 1 2 4 7 7 5
6 3 6 3 4 7 7 5
6 3 8 2 4 7 7 5
8 2 2 9 4 7 7 5
8 2 5 10 4 7 7 5
8 2 9 8 4 7 7 5
8 2 3 6 4 7 7 5
8 2 5 6 4 7 7 5
8 2 10 6 4 7 7 5
8 2 1 2 4 7 7 5
8 2 6 3 4 7 7 5
8 2 8 2 4 7 7 5