7
0 0
0 8
1 6
3 1
6 6
8 0
8 8
11
2 6
3 2
6 6
0 0
0 11
1 1
1 9
7 1
7 9
8 10
8 0
4
0 0
0 1
1 0
1 1
5
0 0
1 0
2 0
2 1
0 1
40
101 100
102 100
103 100
104 100
105 100
106 100
107 100
108 100
109 100
110 100
110 101
110 102
110 103
110 104
110 105
110 106
110 107
110 108
110 109
110 110
109 110
108 110
107 110
106 110
105 110
104 110
103 110
102 110
101 110
100 110
100 109
100 108
100 107
100 106
100 105
100 104
100 103
100 102
100 101
100 100
66
56 57
43 58
53 50
59 60
55 44
39 38
37 50
53 46
61 50
38 63
46 55
46 50
56 43
45 50
45 56
52 47
40 61
55 56
57 42
60 61
54 55
57 58
58 50
52 53
56 50
44 43
62 50
58 41
42 59
44 57
60 39
41 40
55 50
47 54
43 42
58 59
44 50
40 50
38 37
60 50
46 45
54 50
62 63
40 39
43 50
63 50
61 62
41 60
62 37
47 46
41 50
38 50
47 50
42 41
45 44
61 38
48 53
48 47
59 40
59 50
57 50
42 50
54 45
39 50
39 62
53 54
102
52 49
88 100
142 55
64 61
82 100
130 133
151 100
121 100
151 154
121 124
91 112
142 145
124 100
67 64
124 73
112 85
118 121
112 115
145 148
55 100
79 100
55 52
46 100
130 100
67 136
109 88
76 73
82 79
43 100
88 115
115 82
109 112
133 136
88 85
94 91
49 46
61 58
85 82
151 46
130 67
148 49
157 100
145 100
154 100
154 157
139 142
91 88
67 100
70 133
127 100
73 130
64 139
112 100
139 100
94 109
82 121
121 76
142 100
136 139
115 118
148 100
76 100
79 124
85 100
76 127
139 58
109 100
118 79
46 157
55 148
136 100
70 67
136 61
61 100
133 64
91 100
49 100
145 52
118 100
73 100
52 151
52 100
70 100
85 118
58 145
127 70
61 142
148 151
46 43
115 100
79 76
64 100
49 154
58 100
106 91
106 109
73 70
124 127
154 43
58 55
133 100
127 130
318
988 985
1081 916
994 1009
1129 868
907 1000
1081 1000
1072 1075
1126 1000
892 1111
937 1000
1126 1129
910 907
910 1093
871 868
850 1000
979 1000
1048 1051
925 1000
1066 1000
1069 928
1078 1081
979 1024
865 1000
877 874
934 1069
1039 958
1027 970
850 847
1153 1156
955 1048
1144 1147
1132 1135
1057 1060
1150 847
1162 835
853 1000
1114 1117
1012 985
1093 904
1042 1000
1021 976
1021 1024
952 1000
1135 1000
1147 850
844 1000
982 979
1135 1138
904 1000
958 1045
1120 1123
895 892
1021 1000
874 871
1087 910
1060 937
1060 1063
973 1030
1132 1000
943 1060
1078 1000
1009 988
952 1051
943 940
856 1147
913 910
844 841
841 838
904 901
1126 871
856 1000
970 1033
1048 1000
964 961
1036 1000
1159 1162
961 1042
916 913
1144 853
910 1000
934 1000
946 1057
955 952
1042 955
1132 865
979 976
1066 931
886 1000
1135 862
1129 1000
958 1000
1105 1000
913 1000
922 919
973 970
1141 1144
991 1000
928 1000
1153 1000
1138 859
922 1000
1150 1000
1018 1021
988 1015
904 1099
976 1027
988 1000
880 877
922 1081
961 958
1105 892
1018 979
1024 1027
1090 1093
1111 1000
1087 1090
841 1162
1036 961
925 1078
937 1066
991 1012
853 850
874 1129
838 1000
1072 925
847 844
1114 1000
1123 1000
907 1096
940 1063
925 922
1057 940
931 1000
970 1000
1006 991
1129 1132
877 1126
1102 1105
913 1090
1069 1072
955 1000
1015 1000
1156 1000
892 889
1147 1150
1093 1096
1117 1000
1075 1078
916 1087
895 1108
1084 1000
985 982
1120 877
1045 1000
1066 1069
1096 1099
1057 1000
1084 1087
1084 913
1048 949
1156 1159
1027 1000
1009 1000
1024 973
1108 1111
1162 1000
1138 1000
1090 907
1153 844
1120 1000
919 1000
964 1000
1099 1000
1123 1126
1039 1042
1090 1000
940 937
1063 1066
889 1114
1096 1000
1030 1033
1012 1015
1030 1000
1147 1000
1054 943
967 1000
1069 1000
838 1165
838 835
898 1000
1063 934
976 973
1018 1000
883 880
1102 1000
907 904
985 1000
874 1000
952 949
937 934
967 964
892 1000
1117 880
886 883
928 1075
1117 1120
1054 1057
889 886
964 1039
1099 898
889 1000
1045 1048
898 1105
1159 838
1087 1000
859 1144
973 1000
883 1120
853 1150
868 865
1030 967
1009 1012
865 1138
844 1159
1015 1018
919 1084
1156 841
1099 1102
901 1000
1039 1000
1060 1000
1111 886
931 928
847 1156
862 1141
985 1018
970 967
1075 1000
946 1000
901 1102
1078 919
1045 952
1108 1000
859 1000
1111 1114
1165 1000
1012 1000
982 1021
928 925
1024 1000
880 1000
871 1000
1081 1084
1114 883
1042 1045
1051 1000
1162 1165
886 1117
919 916
898 895
967 1036
862 859
1027 1030
1015 982
895 1000
1036 1039
865 862
1072 1000
1144 1000
1123 874
859 856
856 853
877 1000
1096 901
1033 964
1054 1000
883 1000
835 1000
949 1054
847 1000
994 991
868 1135
868 1000
1051 1054
1075 922
949 1000
901 898
976 1000
1033 1036
934 931
1102 895
961 1000
946 943
1063 1000
916 1000
1108 889
841 1000
862 1000
1033 1000
1093 1000
850 1153
871 1132
991 988
1141 1000
1006 1009
958 955
931 1072
880 1123
1150 1153
943 1000
1138 1141
949 946
1141 856
1159 1000
1051 946
982 1000
1105 1108
940 1000
60
100 92
95 100
101 100
86 100
100 93
114 100
100 95
108 100
99 100
100 111
115 100
100 108
100 102
100 91
103 100
100 99
100 86
100 107
91 100
100 103
113 100
100 97
100 112
100 104
92 100
100 94
100 109
98 100
90 100
88 100
100 110
100 106
100 105
100 85
100 87
111 100
97 100
85 100
105 100
100 101
100 89
100 96
100 115
104 100
107 100
94 100
100 114
100 88
110 100
100 113
93 100
100 90
100 98
89 100
102 100
96 100
106 100
109 100
112 100
87 100
92
100 88
110 100
96 100
134 100
90 100
84 100
100 80
104 100
80 100
100 72
100 122
100 110
140 100
100 134
100 98
54 100
100 82
100 94
108 100
116 100
100 140
112 100
100 64
92 100
128 100
138 100
100 60
100 128
100 68
100 74
120 100
100 102
100 136
100 132
58 100
76 100
130 100
124 100
100 76
100 96
142 100
106 100
100 86
146 100
100 126
100 58
100 84
100 106
100 146
114 100
100 90
60 100
100 124
100 104
100 92
144 100
100 62
100 108
136 100
62 100
100 114
100 78
100 54
100 118
102 100
78 100
88 100
100 116
74 100
100 138
98 100
118 100
82 100
132 100
94 100
122 100
66 100
100 56
100 112
86 100
126 100
100 144
68 100
64 100
100 66
100 142
56 100
72 100
100 120
100 130
70 100
100 70
228
1000 1027
940 1000
1000 1135
1000 853
1000 973
1000 1087
1000 967
1120 1000
1000 859
1000 1042
1012 1000
1000 1162
1000 829
1000 856
1078 1000
1105 1000
1000 868
1000 1108
1000 835
1015 1000
1000 901
1000 1144
1000 1078
961 1000
1000 1003
1000 982
889 1000
1000 985
1156 1000
1000 1045
859 1000
1000 1033
913 1000
1000 922
1030 1000
1117 1000
1000 928
1000 850
1003 1000
1024 1000
904 1000
1000 1069
1000 1060
1000 847
1000 934
1147 1000
1000 1105
1000 940
1159 1000
946 1000
1132 1000
1000 949
1048 1000
985 1000
1033 1000
853 1000
922 1000
895 1000
901 1000
976 1000
883 1000
856 1000
1000 1072
955 1000
1042 1000
1000 907
1057 1000
1102 1000
1096 1000
937 1000
1108 1000
1000 1057
1165 1000
916 1000
1093 1000
1123 1000
1000 970
1000 955
1063 1000
1144 1000
1000 1021
1000 1165
1168 1000
1000 1054
1141 1000
865 1000
1000 886
1000 1009
835 1000
1000 1096
1000 913
892 1000
1000 1147
1138 1000
1150 1000
847 1000
1000 883
1000 946
1075 1000
1000 1036
1051 1000
910 1000
919 1000
925 1000
1000 937
1000 919
874 1000
1000 1048
1000 979
1000 964
1027 1000
1000 832
931 1000
1000 931
1000 988
1000 1030
1000 1168
1036 1000
1000 1159
1135 1000
844 1000
991 1000
1126 1000
997 1000
1000 874
1069 1000
1000 961
1000 1015
1045 1000
1153 1000
1006 1000
1099 1000
1039 1000
886 1000
1000 871
829 1000
868 1000
1090 1000
1000 910
1000 1099
1018 1000
1000 895
1000 841
1111 1000
1000 1156
1000 1084
1000 877
1000 925
952 1000
1000 1102
1000 976
1000 1150
1000 958
1000 1123
841 1000
934 1000
928 1000
958 1000
1072 1000
838 1000
1171 1000
970 1000
1000 1126
880 1000
1000 1081
1000 1051
1000 916
1000 892
1000 1090
1000 904
1084 1000
1000 1006
988 1000
1000 838
964 1000
832 1000
1000 1114
1000 1141
1000 994
877 1000
1000 1117
1000 1066
982 1000
1054 1000
1000 991
907 1000
979 1000
1000 997
1000 1132
1000 1024
1000 1111
1000 1129
1060 1000
1000 865
1087 1000
943 1000
1000 952
1129 1000
1000 880
1009 1000
850 1000
862 1000
1000 844
949 1000
1000 889
967 1000
1000 1093
1000 1075
871 1000
1000 1171
973 1000
1000 1063
1081 1000
1066 1000
1000 1018
1114 1000
1021 1000
1000 862
1000 943
1000 898
1162 1000
1000 1138
1000 1120
994 1000
1000 1039
1000 1153
898 1000
1000 1012
9
9 10
1 3
10 5
2 3
6 6
6 0
9 5
9 8
7 0
99
4 7
4 6
4 5
4 4
4 3
4 1
4 0
4 9
4 8
5 10
2 0
2 3
2 2
2 5
2 4
2 7
2 6
2 9
2 8
0 3
0 2
0 1
0 0
0 7
0 5
0 4
0 9
10 10
5 1
9 2
9 0
9 1
9 6
9 7
9 4
0 10
9 8
9 9
10 9
10 8
10 7
10 5
10 3
10 2
10 1
7 9
7 4
7 5
7 6
7 7
7 0
7 1
7 2
7 3
2 10
6 10
5 8
5 9
5 6
5 4
5 2
5 3
5 0
8 10
3 9
3 1
3 2
3 3
3 4
3 5
3 6
3 7
1 9
1 2
1 3
1 0
1 1
1 6
1 7
1 4
1 10
4 10
9 10
9 5
7 10
8 9
8 3
8 7
8 6
8 5
8 4
6 5
6 4
6 0
6 3
6 2
6 9
6 8
3 10
298
315 813
233 210
490 371
160 325
350 454
908 94
672 922
933 9
878 911
626 77
423 442
129 560
141 228
1 705
148 107
860 133
384 924
170 937
526 461
208 508
373 230
755 255
701 183
317 509
253 552
133 208
764 378
616 865
906 471
349 279
263 210
195 181
564 550
488 951
923 979
963 508
738 301
608 618
114 130
986 726
794 665
957 629
294 420
550 574
795 878
278 865
290 811
935 552
317 149
644 196
218 176
152 990
797 842
747 383
356 785
583 485
97 831
822 75
550 887
551 251
235 645
128 691
61 732
342 575
333 18
17 127
135 68
990 264
176 147
681 576
395 210
786 57
415 999
171 856
282 726
310 428
581 475
574 366
391 196
315 926
782 627
811 3
20 104
887 40
45 458
698 6
248 32
708 343
748 750
522 197
501 871
37 63
952 833
146 833
392 654
49 360
634 847
858 450
666 342
317 604
102 515
960 608
32 271
35 528
555 453
43 501
371 554
787 776
74 241
58 829
225 710
209 463
8 211
232 963
129 539
974 197
871 858
627 135
548 276
852 609
113 574
429 872
36 52
991 836
614 965
605 891
265 970
634 246
421 272
662 987
589 787
130 252
748 28
294 634
16 185
982 777
501 478
254 3
442 364
64 906
369 891
910 477
848 327
551 638
11 311
331 407
901 539
415 71
310 605
968 769
683 591
315 750
120 949
252 194
74 420
200 295
79 612
103 854
214 896
458 834
205 763
163 363
357 839
953 812
432 872
142 255
84 817
244 831
210 247
630 243
907 285
337 368
626 665
403 360
307 498
196 802
626 384
886 532
382 285
8 752
199 938
468 149
860 19
678 42
88 828
871 208
933 426
191 356
367 559
573 481
676 524
872 712
454 44
917 845
86 492
892 232
471 832
437 642
121 201
723 219
433 74
685 69
755 370
708 820
887 238
538 198
875 513
926 696
55 963
150 43
9 765
588 664
97 135
267 83
149 458
168 567
875 660
313 835
873 425
316 480
286 344
360 878
68 3
746 116
731 336
252 306
587 122
427 589
8 538
49 942
62 659
742 306
990 646
72 798
81 120
474 23
607 259
822 996
567 997
605 113
702 805
482 614
957 595
685 297
539 925
766 504
986 17
781 622
982 32
444 700
220 286
921 931
874 976
675 31
578 554
512 355
838 671
119 202
121 906
631 820
564 806
646 394
590 442
134 716
14 338
311 511
319 742
456 352
266 196
853 66
252 423
214 823
791 576
348 535
904 542
868 87
744 880
610 678
14 903
180 327
386 426
267 639
619 74
867 74
186 535
906 97
396 994
953 432
511 129
335 964
190 510
584 292
640 762
503 856
593 615
589 851
209 289
277 480
498
866 89
585 47
52 841
15 137
811 216
600 805
422 755
241 727
259 543
972 438
978 28
593 974
559 636
288 472
782 944
771 454
933 34
63 147
202 165
595 277
93 408
824 429
630 306
51 726
740 170
394 902
145 720
590 768
512 367
719 206
617 308
524 715
36 194
592 463
84 673
443 182
788 282
269 173
507 164
287 24
798 814
623 64
400 489
39 587
372 637
626 946
238 20
280 14
397 699
147 241
680 188
960 604
51 317
540 192
970 663
308 537
938 674
365 868
439 585
17 874
611 347
146 972
112 685
994 232
741 303
937 389
153 534
446 83
839 605
194 906
380 35
54 722
268 996
511 272
97 387
89 533
820 189
695 759
321 972
103 103
713 22
751 411
879 65
389 902
271 44
264 830
52 151
575 177
133 334
613 824
523 652
4 538
446 730
845 129
380 655
992 330
484 394
914 84
592 866
539 195
912 712
899 874
958 910
391 941
165 589
169 616
772 110
245 640
661 409
611 385
250 603
586 60
54 815
778 453
211 38
161 259
371 349
271 596
661 911
487 445
554 427
777 918
609 676
753 174
982 119
400 104
243 731
556 9
220 637
287 29
968 67
889 101
356 654
974 943
395 174
808 516
735 618
323 302
454 878
75 368
26 67
884 787
999 851
436 516
123 262
855 621
233 28
695 661
997 801
596 110
433 554
106 687
208 158
786 57
292 616
751 284
427 709
888 741
595 894
563 267
512 394
803 406
55 116
988 994
969 119
247 741
105 907
447 611
360 138
396 449
22 570
978 42
53 468
711 293
701 311
563 563
617 568
478 734
574 561
545 410
873 63
64 475
338 475
393 392
581 313
534 162
125 977
728 436
10 781
768 457
1 312
842 114
760 328
809 472
899 782
88 480
42 73
926 901
430 786
942 356
436 809
977 256
817 582
928 217
583 130
887 704
162 150
655 510
887 701
953 458
176 8
248 856
620 162
900 663
542 271
911 542
562 742
358 643
42 555
510 659
870 193
638 701
995 17
440 815
227 475
288 224
374 321
750 162
541 303
411 390
444 589
850 442
804 410
549 655
437 148
971 160
780 840
994 566
677 276
359 545
504 172
956 592
307 611
971 27
478 149
166 570
585 130
909 5
219 397
917 795
865 131
13 553
715 410
670 457
833 972
426 860
475 175
190 521
758 357
415 860
19 130
651 423
680 779
595 245
603 96
552 286
305 785
313 686
355 911
377 621
736 858
70 231
667 142
78 832
492 842
719 995
107 685
24 278
824 952
819 566
98 242
180 479
974 921
152 384
987 915
353 690
523 585
75 419
902 24
716 730
621 438
585 182
827 259
4 481
503 642
787 854
170 393
512 794
889 14
349 842
431 470
38 507
821 110
915 775
881 728
26 707
801 839
961 254
161 442
489 446
233 617
989 635
266 151
316 909
222 65
264 349
813 936
358 174
943 344
81 611
639 201
819 7
252 15
106 783
454 689
237 968
204 947
838 222
154 6
708 870
489 923
111 654
912 234
822 438
167 688
794 702
459 538
857 171
997 899
449 853
441 349
282 475
570 700
141 127
839 790
462 11
185 768
180 912
777 702
438 67
877 160
361 595
706 455
847 443
704 34
173 490
541 427
206 65
442 836
766 971
771 865
536 218
414 685
397 522
858 646
658 263
991 749
976 450
874 530
208 25
606 638
670 175
265 934
697 42
538 770
776 173
8 138
611 225
390 913
87 512
724 320
723 583
76 452
597 477
945 455
689 131
529 888
45 307
566 576
799 64
991 789
702 311
669 25
530 589
760 667
945 643
458 552
105 395
776 556
754 144
906 779
285 347
430 836
322 352
18 36
849 355
434 809
762 316
51 813
763 901
322 217
489 384
799 690
576 971
536 316
40 929
235 497
155 910
412 146
241 200
134 578
692 566
243 214
21 611
567 970
447 687
303 88
369 96
337 926
742 208
556 470
928 230
257 691
637 290
850 138
877 59
264 384
598 180
52 963
51 472
838 950
8 234
84 625
618 682
902 83
317 137
621 851
931 465
605 955
973 893
993 832
567 874
593 832
346 845
596 763
229 943
48 431
626 764
912 523
392 40
34 637
216 790
628 877
781 906
553 915
225 20
512 889
563 497
539 674
664 834
607 909
688 662
874 785
980 521
906 695
623 686
833 955
773 299
266 962
733 988
368 549
533 279
311 538
106 998
82 818
437 542
689 928
304 246
348 404
663 219
565 142
721 402
797 981
894 348
153 714
194 707
172 94
7 279
997
-57 459
-427 -963
-42 -359
1019 -1054
-1470 1787
-415 1565
1340 -786
590 -1022
164 777
491 -1540
-642 -605
-768 1772
-819 -1831
-1156 1372
-648 -491
1958 -224
-400 -48
1021 -1406
-670 632
835 37
-1210 -1903
-1465 -1067
1150 -1351
909 -757
-160 -1396
706 -1566
-1863 -551
-559 -1272
-1032 19
-1925 -689
1142 130
967 1987
958 -1064
-1874 -1759
894 1535
640 1123
1812 -1573
1401 -1012
-722 -133
939 -781
720 760
1687 -1516
9 1350
937 -767
-1185 -1439
1696 1414
1525 323
-791 1391
1724 1945
614 1148
331 -1409
-358 -833
1364 477
1758 371
1114 -1957
-1720 -1986
1210 1349
-103 94
1709 -1092
-22 1763
-1158 378
1363 -709
-1564 -403
-1016 279
502 1256
-709 -66
850 65
-1001 -1531
908 1825
1603 -1636
-1110 -221
1377 281
1918 794
-1995 -422
1973 -34
-624 1392
-1996 1470
-1713 -1684
1773 -692
-1895 1067
-1531 -59
1154 292
-473 841
-1052 1285
307 -1365
-1242 -799
1753 236
-575 -769
-894 -233
-982 -1254
1403 -1641
-1979 -1025
-1416 -1504
1835 -130
1488 -1578
1483 -608
-1185 -1858
-362 2000
-1141 -599
-23 1786
-1147 -738
679 1875
-1343 -990
-1123 870
1766 -342
263 1665
620 -128
1505 -464
100 750
-27 -523
593 1836
-1828 908
-1136 -1368
1812 -579
-1168 1116
-338 -1345
1138 30
-99 -840
-1136 -1282
-1856 644
-1588 1939
-1137 -1046
-337 725
-646 524
56 275
-1327 -1687
599 -594
1383 -1482
-776 713
129 503
-1833 289
-770 -1914
-1525 315
-1986 -1721
895 -904
1672 601
1443 1073
-1412 1145
-1356 -929
821 552
55 -695
-158 -309
-223 257
1235 -70
1508 1976
1910 -1659
24 1086
-470 -121
-1603 -1942
1041 1310
287 1944
1512 1507
1295 566
1462 -1267
-534 -1398
1544 56
1130 254
-84 248
1547 -946
-3 1950
-825 1236
1840 1104
-852 -799
-1723 -1273
1729 -1635
139 -73
322 624
1719 -1561
516 807
1581 565
-838 989
907 1260
1483 1747
243 -1217
1786 1114
1732 434
-749 -654
674 249
1559 529
-61 722
-1436 1774
1922 575
1609 -203
-442 -667
-389 -1229
-826 1252
-1960 1301
-1606 1467
974 -308
-1427 167
87 -1969
-1858 713
1742 709
-1094 -351
1509 1980
-117 -273
1402 1694
-906 897
-491 970
1769 -1691
1514 464
-43 -1696
1498 -1698
-1613 -1132
949 1757
-15 -797
-753 1521
1825 1638
1034 -1222
347 -1381
458 1833
1176 1444
86 1520
-315 -1559
-572 -1115
-968 -1392
162 -1232
363 -742
-379 -807
397 -1010
198 -290
-900 1058
-328 414
-925 -1502
-1781 -118
-1865 -1042
1965 -562
64 -518
-127 -1436
787 -473
846 -1981
1839 1328
-494 308
-572 -448
-1534 1891
-582 -360
1313 190
597 386
685 -1557
1921 -234
919 1465
152 176
437 -289
1576 -971
1907 -145
575 634
667 776
-63 697
-1851 -1633
-445 -1994
464 1382
-1400 969
548 479
1671 1004
93 -579
-1748 -186
-1399 1882
1105 341
814 624
-583 -919
264 1138
-426 -565
1332 -947
281 426
-1403 -1911
-1716 118
-248 1997
-346 946
413 -1651
-643 -1370
-1876 -1014
1205 -1836
1740 262
-1271 -362
-1696 -1407
-1618 1925
-53 -790
939 539
-1767 775
1256 234
-746 102
-1609 1169
-252 -458
509 -1900
-30 -1836
146 -1286
-780 1575
998 -164
-985 277
-1134 467
-406 133
315 -677
-919 528
-1866 1033
-472 -201
-1475 -183
-277 1869
276 1494
-1986 1009
-1662 -1359
1683 -197
1001 -112
-313 703
-351 394
-909 1795
1001 1157
-633 1942
-1241 1628
-1375 -1926
565 1655
-566 1517
598 -1929
-202 -698
-52 828
-847 -41
182 256
1775 1281
-1137 1586
473 456
158 -1021
-1204 805
1391 779
-1321 533
-1362 -1164
1729 -263
1511 -1495
-1514 -1260
-726 -421
95 1729
1302 472
481 1850
1870 1739
421 -529
298 1654
695 1743
-1805 -1369
1689 1247
1419 467
-1728 1573
-1938 -491
948 -1189
1821 738
1626 1827
1834 921
-567 -565
-835 1756
-1122 1692
1987 -575
-1129 1765
-1145 670
-1180 -1086
481 904
420 208
-798 214
1338 1995
234 -1826
640 1877
-1488 -195
-769 197
276 -1769
1183 -521
1607 -697
1162 1951
-876 1435
1038 -437
984 1879
-1777 -1958
784 -1346
1375 1231
-1597 -1766
1401 208
1484 565
-286 408
1705 -1694
-1568 273
1294 -1120
1782 -1299
467 -1613
971 1527
-1486 -1470
883 -508
-1367 -26
-754 1130
-1495 538
-13 -131
-1536 1616
-20 -1508
-1407 212
1291 1618
1204 123
13 246
-385 1418
-1634 -902
471 -1758
-1886 732
-783 37
-298 562
-1798 -1162
1740 84
-727 -1932
-653 -626
3 386
-633 1000
85 530
-1517 -1859
514 382
1714 -448
-1647 -549
342 1210
-1209 1328
-1044 -1613
-1507 886
1345 -112
-283 -594
875 -1774
659 1009
-1449 -1331
229 -1640
1026 1450
1397 -272
-1859 -562
370 352
-1280 -163
-666 -377
602 1856
-1463 -1618
-1011 1008
-1428 -858
1889 -304
-1421 1328
-430 331
1841 -1255
-1498 1236
-1159 779
872 -1708
-769 -1510
1294 1770
-1508 -1574
-1561 449
-1312 -858
1398 1477
496 -1719
648 -16
1643 751
1938 -429
-1026 -753
1239 491
1886 -1318
-1211 197
1758 -1978
126 -1378
-1552 1735
816 -187
-1181 1535
659 -1339
-1672 285
5 1844
-1137 -566
-233 1117
-772 -1683
552 1263
-329 638
-814 -949
-1047 -1680
1563 -811
-935 -1859
-225 983
1385 -1546
-70 -1900
443 1366
-158 421
-916 -1382
-430 1749
-1859 153
1822 -52
-26 -1819
1988 1993
1704 786
1245 -1554
-1192 1985
282 -1127
474 -1279
-703 -1861
1380 -718
1042 -324
-1819 501
1538 -1638
600 -1601
1928 500
-1597 -1777
-1918 732
1280 -987
-1769 -1852
37 -320
525 1941
-1885 1074
1680 -754
1321 -1874
-999 -860
-215 -1344
-1701 437
-1887 -1754
-1986 1073
1441 -1951
-935 876
-1568 -24
-1876 1569
53 1935
-1827 -1051
-1410 -1737
-1541 703
636 30
-1979 296
-1545 1340
1206 75
290 1285
871 -1510
-679 918
565 188
887 -840
1098 591
-769 1103
-324 -481
1869 -533
-1978 -94
-1647 -888
914 -1293
229 -1793
-1234 -423
323 449
-644 -444
175 1554
-1151 -992
-1782 1656
102 -374
199 -1691
-735 -1876
-395 251
-86 823
1979 1094
1290 845
456 -434
22 519
407 722
-1269 1206
-360 -68
915 1826
1805 -1855
-882 -781
177 -1859
-1727 112
-622 1315
-1499 -1639
-259 -368
1223 -1659
-379 1255
-14 -1014
-906 -1972
1445 -564
-433 -612
1268 -53
995 560
-368 -1966
1409 901
-831 -239
292 -1608
-786 -331
-1850 -782
1785 944
-1705 1334
-1287 304
-893 -1833
-415 745
-1889 712
-437 1993
-647 -993
-608 13
1956 1220
1239 -863
-1558 -1702
-426 -878
-927 -274
1628 -1153
423 -212
421 61
1507 72
70 -1363
186 -914
-977 629
730 816
1703 1164
857 -811
681 223
-1070 1146
-31 -669
-643 -234
-135 -1218
1818 1249
254 1909
787 1111
78 -1763
1087 1489
-1234 234
-429 -1827
267 630
1474 -1466
-783 -1711
-1491 -297
-1900 1135
-1114 -635
131 -1244
-602 761
-377 1999
-164 89
1111 -1953
1783 -389
1510 -447
-1334 518
-1479 1080
-1524 -1715
1297 16
-410 1472
328 991
351 -1174
-486 1451
-186 1084
882 -1102
982 882
1882 -1807
-1026 -1416
-1160 -1454
-990 -1640
1390 1231
-1342 1294
-136 -326
-539 1364
1920 -188
-217 -1735
356 1812
890 674
1671 -311
-27 -896
-133 1270
-84 754
-1169 -1559
185 -797
-162 -577
-821 -1469
192 -443
-671 -325
-1709 1326
224 -517
-1175 534
1701 999
648 -1360
729 -483
-1852 369
-478 1839
-1387 -1560
225 -1175
-1988 935
1581 -1173
-1965 1847
-1973 1664
260 769
1265 1726
-23 1035
1467 1203
-728 1500
1228 -849
-1980 733
1597 -1428
371 -1853
1686 1037
-1381 -295
641 -105
-1673 -1278
99 -518
-465 -1249
-94 1628
-1404 -202
1159 -1876
942 -1356
1543 -737
-634 -986
1427 118
-1647 -170
640 -797
1341 789
-211 400
1918 -1620
1500 1562
408 1888
1817 -1478
72 -1155
-825 -1848
197 -942
1246 171
243 1352
-1049 454
-988 -54
1884 -1992
98 280
-1980 790
1355 1594
80 657
-1859 707
-1210 1448
599 1749
-628 -1540
-1759 1196
-1659 -233
1417 -520
-209 -29
-1979 -1321
253 -1656
-248 589
-403 281
711 1789
-974 -1268
1560 -1282
1519 -1569
-167 -562
1909 1399
1378 -716
1986 1202
-1627 -692
-1755 1033
321 -70
1385 -1842
1385 973
869 -1615
943 483
364 -1873
-749 -614
-1762 -1477
1337 1790
-1111 1450
-71 1776
818 1727
-1391 614
879 -927
1148 1596
1398 -1973
-1110 1674
1292 1225
245 -1095
1972 307
-1097 1671
-1554 1397
1663 1675
211 -287
1206 1134
1308 -1230
1699 -267
-1553 1520
157 463
-1457 1008
-838 317
-1825 -907
-1676 1997
-429 648
-673 1057
1668 -390
-818 1112
1252 762
445 -1933
-433 -1443
1447 726
-601 -623
-1313 -1418
-60 -144
1629 -1183
497 167
-1099 1856
1881 -1320
-1979 658
-1961 -1428
-1936 495
867 856
-1669 294
-558 438
1812 1213
1196 -1865
1087 1393
1521 186
1438 -1717
573 805
-1106 -1623
-1385 1563
1823 528
644 451
1509 -150
-992 1086
509 -1298
-197 -1964
600 -1829
1319 -1847
724 -1261
955 1895
-523 824
448 1713
-652 995
365 1896
-841 990
-497 196
-516 676
-1815 -910
1305 1351
-1863 1696
-1072 299
1972 577
1228 1276
256 1470
-1712 206
1769 -1721
-1722 -155
397 1890
-566 667
227 -536
-1727 907
-282 1382
1977 -1011
530 846
1272 831
502 778
-1311 -679
1077 -1963
-1153 1566
-467 -1720
-243 1384
-703 814
-1999 52
-1486 777
-829 1617
93 725
248 290
1301 1058
745 1295
267 -132
1927 -653
615 -438
108 287
-958 645
302 1239
-1799 24
-714 -1382
1196 -1488
-1757 -1038
-1677 922
-120 1013
-1752 1106
1531 73
1056 981
-1082 687
1709 1623
1036 346
922 -809
-1700 -1557
-240 -31
-1793 1997
1250 1608
176 -1626
1040 -1148
-600 1257
191 412
349 696
-133 -802
784 -729
527 -794
-1438 -1169
-1135 676
1900 1327
1887 -1295
1119 -87
1528 338
-900 -149
-825 1680
423 -1335
-721 -1102
774 -806
483 1189
-1334 732
-1572 -838
-1510 -911
-1936 1987
-207 264
1196 -1020
928 452
384 -1214
-30 -95
1220 -1591
-9 -1821
1676 3
1756 1656
1420 234
-1277 737
460 -445
1179 -965
-956 -1980
259 -1983
1965 1857
1927 -1433
-1972 1101
-1100 733
-1428 -647
1628 480
-1380 -1446
-884 -228
377 975
1077 1445
-413 446
-1707 662
-1592 -814
747 -392
-246 1498
-224 -1702
-1216 791
1935 -796
196 -976
254 -1372
-1096 -694
-490 926
1580 48
204 1883
1693 415
1385 -1358
784 -1433
1616 117
-842 1615
-1494 -384
1296 739
1437 -643
-1266 -1186
379 1483
-389 1176
-325 -720
-570 -1198
-1382 403
764 -1392
-1078 1149
1060 713
1830 -785
1060 -1098
-26 1543
-96 672
16 692
1364 1939
478 1144
-1581 -1058
1764 -265
-1209 1939
364 -540
685 442
1452 844
890 1207
305 -288
1507 1593
1791 -1319
-532 89
1905 377
349 -507
707 -1298
-447 512
1661 -813
1395 -949
1992 350
872 -638
-1485 1884
1985 -1930
-447 -790
1898 -1154
918 -1339
1973 -1848
-1361 1838
-951 -1826
-1218 1951
-320 -1596
-429 673
-494 -1310
-1626 -990
71 429
1142 558
822 1768
-883 1581
-896 847
-513 -348
986 -1916
1240 1410
-1712 -1866
1703 -510
-431 1106
264 -1910
1511 -844
676 540
-98 1473
-1677 787
1999
-1998 733
1661 -415
469 -1629
344 -294
-536 -802
1884 138
861 -1169
461 1851
-973 272
1600 575
-1281 1651
749 -666
-1875 -224
-504 1150
1670 41
1087 -1024
-354 147
-1812 84
-1182 939
956 52
1158 1319
1518 1853
1819 -574
1596 -643
1579 1041
1195 -633
-1703 1609
-1315 687
295 -624
-563 123
-409 277
-274 587
-807 1899
-305 -255
627 -1217
-1440 210
1199 1580
-672 -135
-430 245
-726 460
1661 1566
-302 -647
-844 -1131
-1712 -1371
-331 -1028
918 1946
867 73
-1855 1035
-1116 -1202
862 726
-1054 240
1126 -260
168 -965
815 273
-1882 1262
1841 -305
1615 372
1532 1365
542 -1385
-1066 794
-1980 324
1459 1082
1412 -360
-1291 -403
-781 1563
-154 1281
-106 494
671 1794
-1821 220
-224 -662
663 -1796
131 -1261
790 -1837
1562 68
1554 328
-1720 -1559
990 -645
-1845 1226
-1552 756
172 -1606
-565 468
-1208 1828
810 1900
-272 -1695
262 -1403
1556 1220
-1350 -503
-1009 -1872
1063 -678
1509 152
638 -1820
1481 1340
1817 -594
1208 1168
-1116 1058
1942 -747
-1391 1936
189 -341
186 -839
1857 719
-1566 -186
-417 -1475
1335 1903
491 681
-810 -439
-1032 -1357
-1863 502
-1204 -752
-1185 1577
-1419 -537
926 1956
387 1343
1469 726
1247 -1543
797 1792
371 1343
-1206 -1069
-1680 -1437
-1490 -574
-494 1916
1677 483
-1921 -567
1466 -1147
-383 945
1194 -962
-956 1190
-1649 1441
96 -369
-620 481
-213 -487
-1942 1835
-918 1321
1650 -1618
-1769 -1775
517 -685
1892 -544
1391 -1708
-1020 472
-90 937
-1146 613
1677 -1000
1625 -1592
-899 -929
409 1973
1141 -1006
-34 -597
1963 1024
7 -1673
1593 -985
-108 1323
-226 -1431
-207 -1847
-1524 1616
1626 470
-1211 380
1589 -801
1117 -460
-908 1452
-26 -1421
-152 1536
-1781 -352
1488 1008
-868 1757
926 -1302
-475 1285
-788 -574
110 -88
-672 1099
145 -1986
1497 -1767
325 146
806 -676
654 -459
-525 1359
-1064 -628
-542 -1955
-575 -1536
-397 -654
1547 36
-502 1282
-1394 -1540
1065 -1170
1836 652
-1849 1092
1110 128
-1057 624
-1952 -232
-90 -833
-350 -121
1604 222
-121 212
-1090 -900
46 1352
-543 752
-960 1524
1447 1380
-563 -1483
26 -1349
-689 1351
-252 1634
-1836 1266
1866 1330
-1732 560
-356 1349
-980 -861
1073 -1842
439 1604
-1515 1213
1119 1671
1624 -228
1373 -89
-713 555
996 -486
991 1926
-1361 -1697
888 547
1055 445
-1597 257
-150 1904
655 -662
-587 1336
1116 1626
661 725
690 -1812
-81 1818
-568 -1849
1139 225
-1609 1289
426 -907
343 -661
1303 -181
1260 1308
399 -966
49 -459
278 -1562
1397 -42
1153 -35
92 12
-1664 -759
298 1239
-1429 1689
-1985 417
104 -1367
156 949
-1040 -1087
-645 -244
-1176 1580
805 -615
-1561 1412
1309 -897
1860 -758
-325 -242
862 1697
984 1017
450 -1055
1690 976
-1219 956
1533 -1869
728 619
129 1870
1223 -1123
-743 -1534
-1878 1095
1801 -101
1224 -772
-750 -996
-491 -1544
70 47
4 -1209
1479 121
-1223 823
-142 -1408
1978 1337
-814 1993
-1805 -669
-382 -692
1759 -653
-1291 -127
-1768 1028
57 121
872 31
512 979
-1894 -115
640 -205
-419 739
1731 -1675
-1687 -63
-1820 -1811
650 1569
-1299 -673
-1255 638
-1217 1859
-1210 -1748
-897 1910
635 351
-555 1122
1820 1330
173 38
-203 332
-322 -457
1655 -1698
-1850 1947
-1074 -255
1858 307
1290 745
1855 -179
309 1078
-46 657
617 -1614
-1161 -1494
1512 -889
987 -497
808 1386
-600 -1117
1241 -1093
1411 -1896
284 -128
674 885
774 -304
1945 -500
-1473 -1636
953 433
185 1641
71 -221
-1111 854
-1298 173
-238 -979
705 -1144
1356 -214
-359 772
1162 339
-1186 -826
38 -169
-1007 1306
-347 1878
-609 -1980
497 187
-504 15
-1168 588
-848 -1309
1461 1425
-895 273
-655 1282
1345 -896
-164 -147
1796 -1373
1849 -1566
1189 -1619
-1910 -11
-1555 1883
1407 -1777
781 1749
1777 442
-1448 -704
155 666
1529 -1921
803 1419
-283 475
1535 -1211
468 832
-1270 474
490 -302
-1233 100
1785 -131
1879 832
1573 -997
-1769 430
1715 1295
-1181 1110
45 749
-443 -994
-1430 -1900
-1251 1866
422 -1715
-491 129
-1036 1357
-1588 1753
1483 -79
139 -1761
1438 963
1636 -340
-1372 259
-1743 1676
-1026 1910
-864 -64
-276 1459
106 848
-925 -6
-1924 -198
-87 -1164
693 -1167
-602 -1891
1209 -633
-714 -1802
1887 -1713
-101 540
-1504 1451
118 -1090
-1163 -774
1994 -709
-470 -497
350 -1024
-619 -386
-1394 1962
938 -486
-742 1493
118 996
1142 -1311
1600 -719
-993 1460
192 909
-1903 1320
1621 -477
1914 617
-1466 -571
340 -1611
-829 -1866
-1091 700
-656 770
142 -150
-1836 1173
-1230 1981
1566 -30
-1218 1864
1445 -1368
-1237 -538
1960 876
-669 934
-530 -1272
778 612
875 1742
-741 -1548
-483 388
1691 -1746
352 -1742
-1990 986
668 1868
1979 -486
-1893 -1502
1681 490
-1385 793
-1869 -1622
179 1367
-1833 -1995
1908 840
-1548 1135
1110 60
-1850 -373
-1257 -778
-431 304
-731 -577
1886 1758
624 1680
574 -563
1842 -1351
1557 1240
-72 -1240
-822 117
-1543 470
1327 1580
448 798
-204 1852
406 1644
1430 -1279
-1175 646
-494 -1267
1183 -402
-1013 1986
-867 1409
-811 164
319 -54
1554 1490
204 750
-652 -1385
71 1831
650 1341
1530 -1385
-1971 1459
129 44
-1095 313
-1612 -694
-1186 881
327 -625
1399 464
748 -1539
-1427 -754
-1098 -2000
-105 -970
1640 112
1285 1864
-693 1839
-1946 482
447 -373
-1601 255
286 1299
-748 -1137
-1411 -870
-364 612
396 -106
1794 402
-448 1992
-998 -990
348 -301
-1341 1831
1836 -1282
-762 358
584 -1191
22 633
1797 -1658
-1598 1897
-851 1550
-1914 1982
947 -572
-1806 -1647
1900 828
-622 -1055
1948 -1051
-1941 -1390
871 -724
-1591 -638
332 -233
238 -169
-874 -943
448 -394
208 -1675
-488 145
310 -242
606 -1130
26 -1217
-1404 680
-173 -1099
-1420 -1040
-1196 -1696
1748 -909
-207 758
-964 -918
-749 -1955
-355 -1411
-753 -1216
-449 -1324
-1886 -1070
929 -320
1647 -323
-814 -231
1134 -685
1428 150
-25 -1405
1613 1623
-240 1061
-194 1788
-507 181
1369 1546
-1558 -733
1672 1493
-726 1398
-111 -1707
-518 607
1196 1183
-282 -1099
810 910
180 1467
-1997 135
-955 1193
-401 -1638
-1282 89
1963 -1366
-1057 -1435
1901 1764
1472 131
1192 -6
1720 105
-1219 1160
-183 1080
11 142
77 267
740 1933
535 -504
-1352 -1537
1945 1262
-624 1057
-1787 312
1330 -181
-1364 -610
644 127
1558 362
-1505 1560
635 -1150
42 -618
1958 -98
641 -1738
1535 -942
559 1553
754 622
-246 -332
-1862 1511
-942 -1131
-1927 -1854
-180 610
-170 -1379
1395 -447
905 1653
92 407
1849 331
-1170 -843
169 -1039
-561 989
198 -1963
-1369 -1224
-654 1946
-965 -477
-1895 -940
1455 244
-336 1298
-765 1172
-1194 -372
-1086 926
519 -1415
432 533
-1785 -359
-13 1900
-562 837
-766 700
-211 1159
-136 1812
-1987 1200
-629 1094
-968 -1540
-482 -1380
1347 1638
-512 -1003
1645 1001
-739 -1764
528 110
-1588 -280
1727 642
-1398 -369
-167 -157
-351 208
1757 -1241
-1419 350
-246 1660
1243 -219
-1382 486
-1446 406
1158 432
664 -552
-1630 -920
-1668 -1103
-1034 78
-821 -1477
1201 1205
-488 -450
767 1069
-720 -1690
-1243 -1654
1093 1918
-11 -1866
1171 1358
281 -511
-442 -1148
-570 -994
-516 -1856
884 862
-1034 1223
1444 1953
871 1890
-262 1196
829 -796
1244 136
-1920 703
-85 -1148
1355 -423
199 399
581 988
1030 -1637
1497 -1078
-1191 -34
-1641 -335
993 1020
1928 -732
539 -1206
1585 319
1012 -658
1884 -1872
1833 -1785
-1839 -1943
-890 -1507
-1109 1172
-1433 994
1423 1066
-1618 1862
-1108 766
-518 -1085
-629 -1334
-862 -838
-915 -1344
256 1583
735 -1088
-655 -273
-816 -991
-299 1033
1151 738
-248 1365
703 -621
-141 -1744
902 -162
-1145 1363
-189 753
175 -1980
1754 -199
494 -237
1544 -1339
-1767 -833
-1921 -228
-653 648
-1946 -533
303 416
1787 1763
-311 185
329 728
508 1553
-1921 1040
-1065 -1286
-859 929
548 -1194
306 -265
1403 -822
1620 1655
1347 -1427
982 -426
1141 1804
-780 -1892
293 -189
-839 396
227 319
578 1279
-1992 -239
1408 -587
1829 428
-1882 1471
619 48
-1052 -765
1361 1574
-1863 -1028
-1296 1299
578 -226
253 1856
1783 -1525
-1994 540
205 1652
385 -405
-1544 -1653
-1193 -1186
841 -1148
1227 43
575 -959
-233 1463
1924 -1216
-125 469
-1893 -1655
1884 1408
-522 -755
1089 1973
-681 1074
-823 390
-274 -1059
697 -786
1071 519
-63 1816
-916 -453
-239 -1514
1987 -240
-1039 -966
-937 1750
-378 1900
-820 1211
-1835 -14
370 271
712 -1014
1850 196
-1797 -1979
687 1727
-455 641
1166 -1187
1529 744
1957 -448
-797 950
1432 625
-719 -415
-1128 -395
1727 859
-1699 825
-621 -1505
687 -1564
-343 -1622
-736 -608
1581 269
133 -1652
134 1201
1814 121
-36 1259
-1210 640
-1932 -1314
1964 465
398 -1379
-1777 1077
-280 1526
-1769 107
1949 465
-530 -1757
-1305 503
1545 826
689 -28
1532 560
1953 -310
-1058 1435
1360 1305
1953 1298
-1927 -1033
-1703 60
432 1076
981 -1019
-1295 -503
-84 827
-29 106
-260 606
69 -1721
1175 880
915 1810
-1769 685
-346 -47
634 547
-1744 -1570
-1771 -527
534 654
510 -1282
1599 -1976
1189 -471
1200 915
1062 141
790 -22
-941 -1010
-587 478
-1124 1873
1256 -621
1864 -1142
952 1176
-1555 1709
799 -1442
-673 -458
-1473 -1679
-1481 1085
1582 1601
-758 594
-723 -1883
1671 -776
-939 1756
340 -564
-21 1390
-819 -1281
-323 269
1510 1450
-1896 -1814
598 300
-875 371
-1236 -1518
1550 -1820
402 -293
1255 236
417 -1733
-1877 375
1593 -42
-1621 -116
-802 -1335
-289 1554
-850 -95
-1570 -1237
-923 1539
-847 1552
-640 -804
-1201 -1401
1002 -1529
-824 1803
-1601 1646
-786 -1377
1263 200
1506 448
674 1715
873 678
286 -1906
628 1757
-362 860
199 1985
1264 -682
-1426 -1080
-419 -1313
-1264 -337
1671 475
-1282 939
1118 -90
-625 1686
237 -1878
-50 560
1473 -325
728 -408
-8 1731
1238 -617
-1183 -1841
1303 1837
821 1274
393 1656
1059 1373
-1858 -1975
1855 -1530
1497 -1700
328 -859
-781 684
-1674 991
1919 1477
1828 308
-895 -1886
-1170 152
-742 1651
1698 163
464 -1050
222 28
1088 -748
1304 -676
511 175
1486 819
731 -548
696 1761
-180 -652
-1161 -327
-1415 96
-164 -1250
100 657
1670 218
657 -1680
-1579 1745
982 1520
990 -1239
-1222 -1698
-1276 -865
-1730 1323
1331 1021
-102 -1333
-1362 1083
-1651 1423
111 -1949
-1808 -772
671 1734
-261 -938
1109 -977
-1385 -10
1155 -924
-971 -1338
1253 -1152
745 -929
1267 -561
-794 -461
816 -24
1772 610
1581 -1842
-215 -324
76 1524
1978 -640
886 19
729 1822
1030 656
-821 -862
-837 884
-114 -1851
-1397 814
487 -465
-884 1202
-266 -295
-1742 1612
1949 -1471
-745 -1671
-1947 -1303
-1134 -471
-1232 -335
-318 1672
-116 -1066
-321 878
-621 -319
-964 -238
-57 -1702
-1376 -1706
52 -1153
1420 -433
-436 -10
-1773 411
-55 -1895
1197 -498
-1477 -1568
1266 1482
-640 1384
-1454 -75
938 1653
1681 767
-677 1257
-1604 1398
-440 1305
1814 -830
439 244
-1138 -577
-1871 136
1648 462
252 -746
1565 -600
-608 -500
112 -541
439 96
223 62
776 -1421
56 -817
-1979 1498
1078 1146
-1969 757
907 1856
158 -399
468 1575
53 -77
509 -1950
-1042 313
1076 -720
-829 1256
-1552 1738
-428 -379
1511 -904
-1869 122
1412 759
-104 1369
1469 -422
-577 -1794
1329 -1955
1177 -783
230 -803
912 884
1493 -213
686 -1990
-838 789
1587 -555
-822 1477
854 -468
300 1880
-1394 1112
1862 1978
323 -938
1206 -768
892 -1331
766 1897
86 1434
-188 900
-497 13
-1074 264
-1087 1442
-1845 -1068
-1777 1327
1468 1674
-1516 309
-1009 951
-735 883
1715 1862
-697 1497
-1328 -1870
-1601 -95
1316 -1608
105 220
-33 -1761
-504 1648
-58 -1108
-1735 1841
-846 -1266
-872 -1771
-1900 1103
1950 1378
1046 1898
-286 -1055
745 -507
-755 1088
-54 -948
-722 605
1862 668
695 222
1848 1678
-1697 -132
33 1338
1627 -390
-1733 1078
76 -810
1773 1966
223 1152
-68 815
1132 128
-1597 132
1073 -395
723 1764
-1973 -151
-983 -1825
1446 1415
-1853 979
-1913 -166
285 -925
-425 -1915
1833 -1192
-42 575
-1854 1817
-821 1591
1566 1100
-954 -1749
436 528
1894 -1281
-107 -656
-707 542
-1525 -1811
-438 -776
-86 -1945
1053 140
-265 -642
315 722
1630 -904
-1871 -1391
221 1378
962 -146
-1230 -573
-1735 -591
239 -437
-647 -1968
-664 414
-1716 -1356
20 1737
204 67
1585 -478
-1124 -774
-1155 -186
-1741 1913
-19 1145
-698 -1029
1078 -1934
-168 477
-1843 -195
805 1626
-1348 -649
-620 -1312
-610 -1308
18 1522
1307 -547
26 343
-1591 -1577
-818 633
-800 1133
-1248 -922
1410 1994
-1205 1665
-1847 -1671
1423 -1005
-987 -1021
1422 1394
-81 -1035
-304 -1536
900 -977
-1496 -311
771 51
-1137 -574
1748 -1408
304 -636
-1306 17
1091 -1268
345 926
-1054 1867
-1229 1890
1012 1020
-116 -816
-548 565
632 -677
-1105 1922
-1804 1285
-1192 -687
-1446 500
612 1900
1278 -1644
-1645 -1221
-1440 -1996
-1231 -553
1584 -1835
1876 595
-251 781
-606 1100
1174 -838
-336 -573
-1492 -382
-1973 909
1953 21
-1343 1579
-878 1198
-658 -1116
1812 1953
-642 -534
-276 43
-525 -1002
-678 -199
1796 70
655 1195
1041 1414
-1664 1638
-1095 295
1386 1639
1928 1066
-1586 1241
-883 -1209
990 1777
1529 -1742
-596 -1697
-1451 -1703
1537 -886
-963 1667
604 634
-1622 -176
554 -943
770 -1025
176 1203
1014 -1625
-294 902
688 -606
-1139 19
-96 -76
1219 -664
1503 -1684
1497 971
1850 -1269
1824 -678
591 -1184
-1758 917
-1214 -1422
-1751 -158
-1116 -792
-73 -411
814 254
681 1316
327 911
-5 -354
862 1229
1946 -1406
289 883
-172 1989
703 -1061
-665 1404
761 1631
151 -1198
-736 878
376 -605
-652 -501
186 272
1458 549
-1350 286
-1316 -512
-1797 -1159
63 119
763 1543
1670 -1956
1194 326
-36 -462
766 -1287
-735 -1620
877 -29
-1286 -1773
-852 -1177
837 -1260
1847 1702
-610 742
-1958 1366
1807 1009
-1614 -216
-1562 -1867
1306 1398
-1079 1595
1144 993
-453 -1038
727 -23
-1551 -116
83 -1396
537 -313
1628 749
-1582 145
1481 -649
501 -5
-921 242
1181 -1994
-1186 -878
-1119 977
-649 424
575 282
997 387
-1450 94
-1348 696
1123 1476
-1100 253
1344 -821
1724 1446
-418 -1066
-1105 -1989
235 -1324
82 -646
-1634 -1000
-329 531
-541 -1093
748 -1786
-1508 -1654
-206 -1006
1887 -1669
1753 -821
532 67
1735 439
1075 604
-1765 1796
-1458 410
-712 -186
-1819 1887
1413 1691
297 -920
-1474 -663
-1035 -871
-1885 -1597
64 -360
-1722 -725
300 -533
1259 -1371
-457 107
-1144 -1049
-1508 28
761 -1861
1241 1081
166 -1490
1706 -307
-140 -620
1254 1599
-1415 -43
-161 -1129
1571 -1439
891 675
1104 -1841
-1672 -1350
1263 66
854 427
1760 -681
-1360 -1216
-568 1019
1713 881
822 12
-297 445
1372 1098
970 1113
-1964 -776
506 -418
1691 705
-944 -1258
-1287 -735
1853 780
1208 574
1348 1280
-1834 381
-1591 541
1073 -1810
1156 643
-1938 -621
-1889 809
231 1181
-1889 1021
-894 359
-723 360
-432 989
1509 -162
140 104
-1337 -1276
1895 -890
8 -479
1269 268
428 -341
835 -1384
-524 -978
-603 1513
1550 -217
-1219 647
-447 -227
744 -1002
-340 -984
-1429 -726
-1412 -885
-1398 -1724
810 -1951
-323 1827
506 1438
82 -600
1787 1869
584 2
1128 495
620 -971
-370 -379
1927 -253
655 1220
-981 221
-749 398
-66 -466
-249 434
4 655
-1858 -784
-930 -700
113 1918
393 1369
537 1328
252 1679
-719 978
920 1850
-1339 194
202 1326
966 1146
-485 1845
1824 -21
1835 -1876
1790 -1029
-122 285
-176 -1342
1935 1472
169 -1297
262 443
309 -531
-1516 -807
-1719 1626
-939 -410
-870 1334
710 613
-342 -1669
-41 1062
303 -570
-1297 -1836
-1360 -713
319 995
-245 -1421
1966 1221
691 -826
-1680 -656
-1850 -157
-1055 -90
972 -1198
-1623 1126
-725 -1371
808 1840
568 -28
-200 64
1826 1458
1832 -1662
-704 826
1888 1004
1248 1836
864 -1810
556 1855
978 919
1758 -1778
-222 1765
129 1482
-245 1873
-1724 -1876
-170 -894
-1560 362
-1475 -1328
-311 -1922
-174 -1666
-1042 1050
1360 239
-572 -837
1425 -395
1807 -1557
-1218 1334
-625 322
-394 1000
1673 457
1956 -128
462 1532
-1701 419
207 -1362
-1239 110
119 1441
1104 -197
-973 -897
-320 -1720
1060 -689
-1312 -828
-816 -1066
974 1911
197 985
1979 -532
-16 -1525
-951 -45
1994 1275
1360 1452
-1249 355
-783 156
1013 434
-1942 1056
305 369
-1295 -1790
1025 -1217
-345 -1218
-417 -188
-97 -430
874 1512
-1106 1971
-1903 -234
1158 -189
-664 591
-852 -449
-1185 -1507
-703 -372
-1034 216
1264 732
1064 1934
857 1064
-1237 692
1036 -1165
925 775
-879 -1529
-20 -1370
23 -1012
371 1610
-406 -1330
-1625 -546
-1715 1851
1184 450
-1703 1326
-1204 983
52 1004
321 35
-620 -1790
-1732 104
-49 -607
-1939 188
406 972
-1398 1089
1782 186
1627 -872
30 -1189
230 -1703
1959 1973
111 -64
-644 863
823 1471
-1014 1593
-211 582
-1565 -571
1505 1406
-1343 1188
57 -943
-1174 866
1587 -678
-1577 1658
-999 -644
80 -1975
-662 -449
-1430 664
1953 677
-1459 -240
1923 -1559
324 -137
1580 1866
1965 -757
1024 -715
404 -1419
-7 1184
386 -376
1286 1302
634 -757
-1936 -1245
356 1115
-1382 -1753
-1381 1939
-809 -808
1233 801
-943 -1129
906 1725
-1600 326
-1048 84
-926 -1389
-1769 -356
137 1473
-1035 1233
-1291 722
1255 644
-180 1258
1743 -946
899 618
872 -319
1324 -616
1814 -1256
-1067 -213
-204 -663
-1564 -220
-12 600
-245 -979
-747 351
-196 990
-498 -879
960 1552
837 1080
-557 -1341
1981 -78
-1869 1968
-1968 1951
1861 -704
1233 -529
-1846 796
-766 -743
-1674 1167
782 -671
-1815 1692
75 -1707
-306 1059
-637 635
-1366 1832
-1117 303
1881 -1903
1742 1318
-1274 150
-647 -1888
379 -508
-1987 313
33 -1192
-396 678
-438 849
1697 -458
177 1179
234 1563
548 1185
-57 1035
1342 -1782
-1963 1681
-1677 -1205
-540 1075
1734 679
1093 1116
679 -1118
-287 1725
446 -543
473 1186
-453 -1845
1160 1808
1847 532
1313 82
-633 -652
1568 1565
1521 -1169
-978 1732
580 596
-708 763
-1391 379
1567 -860
1082 1637
1644 852
2000 506
1801 242
1335 -533
1077 -1931
1531 -534
-1352 -1347
328 1151
256 1799
-697 1233
1608 635
1787 320
-1983 184
-1077 113
-1056 -1223
-1341 -1932
202 -629
1211 -1817
1041 -348
-525 -436
671 1837
739 730
1955 443
1061 -1368
-953 -669
1497 179
-726 1753
521 652
1060 -51
-356 1853
1631 94
-218 1704
-1421 123
-709 -720
-1204 658
916 -136
886 -1583
-1493 -1740
-542 -904
176 -952
113 460
-217 -995
1699 480
-805 -806
1834 855
1284 -1896
-33 -1845
594 698
-575 1297
-228 -1275
1801 1298
1282 -1157
-628 -1829
-867 -844
-1032 204
-194 -352
-220 1485
1221 281
1847 -1896
-681 237
-722 450
1063 -842
-1518 1171
362 698
451 -1320
-1214 44
-1187 1650
565 436
57 -1810
976 1997
1526 1574
1369 798
-1111 -809
-1664 -285
1066 1357
-1656 -1660
-1641 -899
1310 1399
399 1250
-350 -1585
614 1439
-1037 1262
-1775 -460
31 1519
-1265 1143
-656 -1205
363 676
-722 1833
-276 -422
970 -1042
-835 433
-282 269
-312 -732
1059 697
-1135 1803
-1713 461
143 -2
1415 -658
397 -1150
-32 649
-12 1494
635 -1987
66 1981
-146 -37
-1399 -1678
1881 964
1761 -743
-940 1990
1891 -624
1417 -390
1875 -262
1063 1631
1350 1624
-135 -662
-1060 -1891
-979 1889
-61 145
1840 677
-1836 -168
-1795 -798
688 -1244
-976 198
-1952 -529
-66 -1044
760 -949
336 767
-413 650
-62 -1735
-733 -1931
1997 -1550
-673 -663
-161 1719
-773 -835
-1983 -1718
352 1230
-66 533
-1153 -245
-36 -922
-1592 1041
987 1274
781 -1741
404 219
-148 -1377
368 1049
-1122 -470
-190 -845
-855 780
1374 90
374 -1950
1701 -568
687 122
1163 -120
522 -1388
-1425 714
-487 -1599
-386 1042
170 -952
-1233 64
326 1779
-1705 -1835
-1435 -472
-759 -1317
-499 461
1517 -1038
-1700 988
-313 1171
527 -380
323 -1002
-982 178
1154 1304
183 -949
1901 225
289 1952
-87 -1124
429 -1231
1278 -641
-1325 -79
575 1045
-837 -370
184 250
1750 892
-1100 -403
56 1376
973 1967
1533 -849
-988 -1489
-1070 -1604
1435 -1306
-1984 -1575
1113 -1869
-1746 -972
1728 1603
1397 -33
-782 -786
-884 -806
-1798 -772
-1233 -803
-216 456
-1970 -1161
1290 -496
880 -1883
666 -1991
779 270
-1483 -1319
-1828 -1215
50 529
-627 -1050
485 1121
932 217
-1766 -1770
-1523 -78
764 -1566
-867 -1555
463 -1555
-317 -1834
1045 185
-1524 375
1848 -206
-1113 -354
1129 -790
954 403
-1349 728
-512 -168
-966 -1196
-1541 1837
1545 -323
-1072 -233
-316 1794
-969 -568
-302 -1508
-189 1731
1327 -1566
1470 1071
837 -676
-1338 1131
185 -523
93 -825
488 119
-764 1968
-15 -648
118 229
-1861 -1909
820 -490
-223 -1036
1189 -633
1348 -1898
72 -708
-1293 -717
-1772 -497
-957 -346
1874 99
-642 -200
1689 1935
807 -482
-1489 1633
1790 1773
-228 -664
60 404
-1313 1673
-802 36
-965 665
902 -1535
-1118 1150
-675 -1732
850 1885
-1854 1805
-1565 616
-1275 -705
-1365 1230
1297 147
-384 197
-97 1757
932 289
-83 1843
-1278 -1393
-704 -1774
1773 1630
-179 -778
-1033 -384
-190 1011
-979 1545
-1286 1650
-971 1232
81 -639
-1725 1697
-1174 -385
1637 -1547
-770 -944
-1742 -1563
-721 -1157
1683 1124
1205 307
-553 -267
16 -876
-226 1982
-425 -1188
1674 674
1776 1138
-1202 1312
253 -1845
548 922
602 529
-1447 952
1515 190
1189 1815
1297 1865
1889 1791
1365 -1067
-755 1383
-702 958
-148 -709
1483 683
-1064 -1022
-1365 -1301
-670 1355
1944 -1765
1515 877
-482 1176
1124 485
30 -204
1504 1981
-1588 85
562 -459
-895 698
-454 798
1929 -1813
-1029 -356
191 -1458
408 495
-1650 1721
-1233 1296
-884 -266
1567 -687
-810 298
-1467 -1230
-604 1693
834 -1370
-1125 -162
-11 49
-1584 -1749
0
