3 9 3 2
4 7 5 6 9
10 2 1 3 8

3 10 5 2
6 7 5 6 9
10 9 10 10 8

3 100 1 2
1 10 10 10 10
2 10 10 10 10


9 4 3 2
4 2 0 0 0 0 0 0 0 0 0 
10 1 0 0 0 0 0 0 0 0 0

3 10 5 2
6 7 5 6 9
10 9 10 10 8
3 10 5 2
6 7 5 6 9
10 9 10 2 8
3 10 5 2
6 7 5 6 9
10 2 1 3 8


3 10 0 3
6 0 0 0 0
10 9 10 10 8
7 10 10 10 10


5 10 0 1
10 1 1 1 1 1 2

5 100 0 10
10 0 0 0 0 0 1
10 0 0 0 0 2 3
10 0 0 0 0 0 0
10 0 1 2 0 0 0
10 0 10 4 0 0 0
10 0 0 0 0 0 0
10 0 0 0 0 0 0
10 0 0 10 0 0 0
10 0 0 0 5 0 1
10 0 0 0 0 5 5


5 100 0 10
10 0 0 0 0 0 1
10 0 0 0 0 0 0
10 0 0 0 0 0 0
10 0 0 0 0 0 0
10 0 0 0 0 0 0
10 0 0 0 0 0 0
10 0 0 0 0 0 0
10 0 0 0 0 0 0
10 0 0 0 0 0 0
10 0 0 0 0 0 1


9 100 20 10
9 2 4 10 1 9 1 5 9 6 4
1 3 5 5 5 5 6 3 10 4 9
4 2 2 1 0 8 3 3 4 8 1
4 7 10 3 1 1 7 6 8 8 1
4 6 3 2 2 9 2 6 7 1 8
10 8 9 7 1 3 7 4 9 9 7
7 3 5 1 2 1 8 2 4 4 4
6 6 2 7 2 3 5 0 5 4 7
7 10 5 3 6 2 7 4 4 7 7
7 5 2 5 8 4 8 1 4 8 8

9 100 20 12
9 2 4 10 1 9 1 5 9 6 4
1 3 5 5 5 5 6 3 10 4 9
4 2 2 1 0 8 3 3 4 8 1
4 7 10 3 1 1 7 6 8 8 1
4 6 3 2 2 9 2 6 7 1 8
10 8 9 7 1 3 7 4 9 9 7
7 3 5 1 2 1 8 2 4 4 4
6 6 2 7 2 3 5 0 5 4 7
7 10 5 3 6 2 7 4 4 7 7
7 5 2 5 8 4 8 1 4 8 8
7 5 2 5 8 4 8 1 4 8 1
3 2 3 7 10 3 4 9 3 7 9

9 100 20 20
9 2 4 10 1 9 1 5 9 6 4
1 3 5 5 5 5 6 3 10 4 9
4 2 2 1 0 8 3 3 4 8 1
4 7 10 3 1 1 7 6 8 8 1
4 6 3 2 2 9 2 6 7 1 8
10 8 9 7 1 3 7 4 9 9 7
7 3 5 1 2 1 8 2 4 4 4
6 6 2 7 2 3 5 0 5 4 7
7 10 5 3 6 2 7 4 4 7 7
7 5 2 5 8 4 8 1 4 8 8
6 7 0 9 4 9 8 9 5 4 9
7 1 7 1 6 2 8 9 2 8 8
8 1 7 7 7 1 5 5 8 1 2
5 4 10 1 8 6 10 2 9 0 8
3 5 0 10 4 3 6 5 8 2 6
1 7 7 7 2 0 1 1 5 0 5
2 0 7 6 2 6 3 8 7 9 2
5 6 4 7 9 0 5 2 1 6 3
2 7 7 5 9 6 4 8 4 3 0
3 2 3 7 10 3 4 9 3 7 9
0 0 0 0