10 100 20 8
58 2 0 0 0 0 0 0 0 0 0 0
100 8 0 0 0 0 0 0 0 0 0 0
100 8 0 0 0 0 0 0 0 0 0 0
100 8 0 0 0 0 0 0 0 0 0 0
100 8 0 0 0 0 0 0 0 0 0 0
100 8 0 0 0 0 0 0 0 0 0 0
100 8 0 0 0 0 0 0 0 0 0 0
100 8 0 0 0 0 0 0 0 0 0 0
10 100 20 8
59 2 0 0 0 0 0 0 0 0 0 0
100 8 0 0 0 0 0 0 0 0 0 0
100 8 0 0 0 0 0 0 0 0 0 0
100 8 0 0 0 0 0 0 0 0 0 0
100 8 0 0 0 0 0 0 0 0 0 0
100 8 0 0 0 0 0 0 0 0 0 0
100 8 0 0 0 0 0 0 0 0 0 0
100 8 0 0 0 0 0 0 0 0 0 0
10 100 20 8
60 2 0 0 0 0 0 0 0 0 0 0
100 8 0 0 0 0 0 0 0 0 0 0
100 8 0 0 0 0 0 0 0 0 0 0
100 8 0 0 0 0 0 0 0 0 0 0
100 8 0 0 0 0 0 0 0 0 0 0
100 8 0 0 0 0 0 0 0 0 0 0
100 8 0 0 0 0 0 0 0 0 0 0
100 8 0 0 0 0 0 0 0 0 0 0
10 100 20 8
61 2 0 0 0 0 0 0 0 0 0 0
100 8 0 0 0 0 0 0 0 0 0 0
100 8 0 0 0 0 0 0 0 0 0 0
100 8 0 0 0 0 0 0 0 0 0 0
100 8 0 0 0 0 0 0 0 0 0 0
100 8 0 0 0 0 0 0 0 0 0 0
100 8 0 0 0 0 0 0 0 0 0 0
100 8 0 0 0 0 0 0 0 0 0 0
10 100 20 8
62 2 0 0 0 0 0 0 0 0 0 0
100 8 0 0 0 0 0 0 0 0 0 0
100 8 0 0 0 0 0 0 0 0 0 0
100 8 0 0 0 0 0 0 0 0 0 0
100 8 0 0 0 0 0 0 0 0 0 0
100 8 0 0 0 0 0 0 0 0 0 0
100 8 0 0 0 0 0 0 0 0 0 0
100 8 0 0 0 0 0 0 0 0 0 0
10 100 20 8
63 2 0 0 0 0 0 0 0 0 0 0
100 8 0 0 0 0 0 0 0 0 0 0
100 8 0 0 0 0 0 0 0 0 0 0
100 8 0 0 0 0 0 0 0 0 0 0
100 8 0 0 0 0 0 0 0 0 0 0
100 8 0 0 0 0 0 0 0 0 0 0
100 8 0 0 0 0 0 0 0 0 0 0
100 8 0 0 0 0 0 0 0 0 0 0
10 100 20 8
64 2 0 0 0 0 0 0 0 0 0 0
100 8 0 0 0 0 0 0 0 0 0 0
100 8 0 0 0 0 0 0 0 0 0 0
100 8 0 0 0 0 0 0 0 0 0 0
100 8 0 0 0 0 0 0 0 0 0 0
100 8 0 0 0 0 0 0 0 0 0 0
100 8 0 0 0 0 0 0 0 0 0 0
100 8 0 0 0 0 0 0 0 0 0 0
10 100 20 8
65 2 0 0 0 0 0 0 0 0 0 0
100 8 0 0 0 0 0 0 0 0 0 0
100 8 0 0 0 0 0 0 0 0 0 0
100 8 0 0 0 0 0 0 0 0 0 0
100 8 0 0 0 0 0 0 0 0 0 0
100 8 0 0 0 0 0 0 0 0 0 0
100 8 0 0 0 0 0 0 0 0 0 0
100 8 0 0 0 0 0 0 0 0 0 0
10 100 20 8
66 2 0 0 0 0 0 0 0 0 0 0
100 8 0 0 0 0 0 0 0 0 0 0
100 8 0 0 0 0 0 0 0 0 0 0
100 8 0 0 0 0 0 0 0 0 0 0
100 8 0 0 0 0 0 0 0 0 0 0
100 8 0 0 0 0 0 0 0 0 0 0
100 8 0 0 0 0 0 0 0 0 0 0
100 8 0 0 0 0 0 0 0 0 0 0
10 100 20 8
67 2 0 0 0 0 0 0 0 0 0 0
100 8 0 0 0 0 0 0 0 0 0 0
100 8 0 0 0 0 0 0 0 0 0 0
100 8 0 0 0 0 0 0 0 0 0 0
100 8 0 0 0 0 0 0 0 0 0 0
100 8 0 0 0 0 0 0 0 0 0 0
100 8 0 0 0 0 0 0 0 0 0 0
100 8 0 0 0 0 0 0 0 0 0 0
10 100 20 8
68 2 0 0 0 0 0 0 0 0 0 0
100 8 0 0 0 0 0 0 0 0 0 0
100 8 0 0 0 0 0 0 0 0 0 0
100 8 0 0 0 0 0 0 0 0 0 0
100 8 0 0 0 0 0 0 0 0 0 0
100 8 0 0 0 0 0 0 0 0 0 0
100 8 0 0 0 0 0 0 0 0 0 0
100 8 0 0 0 0 0 0 0 0 0 0
10 100 20 8
69 2 0 0 0 0 0 0 0 0 0 0
100 8 0 0 0 0 0 0 0 0 0 0
100 8 0 0 0 0 0 0 0 0 0 0
100 8 0 0 0 0 0 0 0 0 0 0
100 8 0 0 0 0 0 0 0 0 0 0
100 8 0 0 0 0 0 0 0 0 0 0
100 8 0 0 0 0 0 0 0 0 0 0
100 8 0 0 0 0 0 0 0 0 0 0
10 100 20 8
70 2 0 0 0 0 0 0 0 0 0 0
100 8 0 0 0 0 0 0 0 0 0 0
100 8 0 0 0 0 0 0 0 0 0 0
100 8 0 0 0 0 0 0 0 0 0 0
100 8 0 0 0 0 0 0 0 0 0 0
100 8 0 0 0 0 0 0 0 0 0 0
100 8 0 0 0 0 0 0 0 0 0 0
100 8 0 0 0 0 0 0 0 0 0 0
10 100 20 8
71 2 0 0 0 0 0 0 0 0 0 0
100 8 0 0 0 0 0 0 0 0 0 0
100 8 0 0 0 0 0 0 0 0 0 0
100 8 0 0 0 0 0 0 0 0 0 0
100 8 0 0 0 0 0 0 0 0 0 0
100 8 0 0 0 0 0 0 0 0 0 0
100 8 0 0 0 0 0 0 0 0 0 0
100 8 0 0 0 0 0 0 0 0 0 0
10 100 20 8
72 2 0 0 0 0 0 0 0 0 0 0
100 8 0 0 0 0 0 0 0 0 0 0
100 8 0 0 0 0 0 0 0 0 0 0
100 8 0 0 0 0 0 0 0 0 0 0
100 8 0 0 0 0 0 0 0 0 0 0
100 8 0 0 0 0 0 0 0 0 0 0
100 8 0 0 0 0 0 0 0 0 0 0
100 8 0 0 0 0 0 0 0 0 0 0
10 100 20 8
73 2 0 0 0 0 0 0 0 0 0 0
100 8 0 0 0 0 0 0 0 0 0 0
100 8 0 0 0 0 0 0 0 0 0 0
100 8 0 0 0 0 0 0 0 0 0 0
100 8 0 0 0 0 0 0 0 0 0 0
100 8 0 0 0 0 0 0 0 0 0 0
100 8 0 0 0 0 0 0 0 0 0 0
100 8 0 0 0 0 0 0 0 0 0 0
10 100 20 8
74 2 0 0 0 0 0 0 0 0 0 0
100 8 0 0 0 0 0 0 0 0 0 0
100 8 0 0 0 0 0 0 0 0 0 0
100 8 0 0 0 0 0 0 0 0 0 0
100 8 0 0 0 0 0 0 0 0 0 0
100 8 0 0 0 0 0 0 0 0 0 0
100 8 0 0 0 0 0 0 0 0 0 0
100 8 0 0 0 0 0 0 0 0 0 0
10 100 20 8
75 2 0 0 0 0 0 0 0 0 0 0
100 8 0 0 0 0 0 0 0 0 0 0
100 8 0 0 0 0 0 0 0 0 0 0
100 8 0 0 0 0 0 0 0 0 0 0
100 8 0 0 0 0 0 0 0 0 0 0
100 8 0 0 0 0 0 0 0 0 0 0
100 8 0 0 0 0 0 0 0 0 0 0
100 8 0 0 0 0 0 0 0 0 0 0
10 100 20 8
76 2 0 0 0 0 0 0 0 0 0 0
100 8 0 0 0 0 0 0 0 0 0 0
100 8 0 0 0 0 0 0 0 0 0 0
100 8 0 0 0 0 0 0 0 0 0 0
100 8 0 0 0 0 0 0 0 0 0 0
100 8 0 0 0 0 0 0 0 0 0 0
100 8 0 0 0 0 0 0 0 0 0 0
100 8 0 0 0 0 0 0 0 0 0 0
10 100 20 8
77 2 0 0 0 0 0 0 0 0 0 0
100 8 0 0 0 0 0 0 0 0 0 0
100 8 0 0 0 0 0 0 0 0 0 0
100 8 0 0 0 0 0 0 0 0 0 0
100 8 0 0 0 0 0 0 0 0 0 0
100 8 0 0 0 0 0 0 0 0 0 0
100 8 0 0 0 0 0 0 0 0 0 0
100 8 0 0 0 0 0 0 0 0 0 0
10 100 20 8
78 2 0 0 0 0 0 0 0 0 0 0
100 8 0 0 0 0 0 0 0 0 0 0
100 8 0 0 0 0 0 0 0 0 0 0
100 8 0 0 0 0 0 0 0 0 0 0
100 8 0 0 0 0 0 0 0 0 0 0
100 8 0 0 0 0 0 0 0 0 0 0
100 8 0 0 0 0 0 0 0 0 0 0
100 8 0 0 0 0 0 0 0 0 0 0
10 100 20 8
79 2 0 0 0 0 0 0 0 0 0 0
100 8 0 0 0 0 0 0 0 0 0 0
100 8 0 0 0 0 0 0 0 0 0 0
100 8 0 0 0 0 0 0 0 0 0 0
100 8 0 0 0 0 0 0 0 0 0 0
100 8 0 0 0 0 0 0 0 0 0 0
100 8 0 0 0 0 0 0 0 0 0 0
100 8 0 0 0 0 0 0 0 0 0 0
10 100 20 8
80 2 0 0 0 0 0 0 0 0 0 0
100 8 0 0 0 0 0 0 0 0 0 0
100 8 0 0 0 0 0 0 0 0 0 0
100 8 0 0 0 0 0 0 0 0 0 0
100 8 0 0 0 0 0 0 0 0 0 0
100 8 0 0 0 0 0 0 0 0 0 0
100 8 0 0 0 0 0 0 0 0 0 0
100 8 0 0 0 0 0 0 0 0 0 0
10 100 20 8
81 2 0 0 0 0 0 0 0 0 0 0
100 8 0 0 0 0 0 0 0 0 0 0
100 8 0 0 0 0 0 0 0 0 0 0
100 8 0 0 0 0 0 0 0 0 0 0
100 8 0 0 0 0 0 0 0 0 0 0
100 8 0 0 0 0 0 0 0 0 0 0
100 8 0 0 0 0 0 0 0 0 0 0
100 8 0 0 0 0 0 0 0 0 0 0
10 100 20 8
82 2 0 0 0 0 0 0 0 0 0 0
100 8 0 0 0 0 0 0 0 0 0 0
100 8 0 0 0 0 0 0 0 0 0 0
100 8 0 0 0 0 0 0 0 0 0 0
100 8 0 0 0 0 0 0 0 0 0 0
100 8 0 0 0 0 0 0 0 0 0 0
100 8 0 0 0 0 0 0 0 0 0 0
100 8 0 0 0 0 0 0 0 0 0 0
0 0 0 0
