73
7
1 1 2 1 3 1 3 
10
3 3 3 2 2 1 3 2 1 3 
4
3 3 1 2 
9
1 2 2 3 1 1 2 3 2 
4
3 1 2 2 
6
2 2 2 1 1 2 
4
3 3 2 2 
5
1 1 1 2 1 
8
3 1 1 1 3 3 3 3 
7
3 2 2 3 1 3 2 
11
1 1 1 1 3 2 3 3 3 3 3 
2
2 2 
4
2 3 3 2 
11
3 2 3 3 1 1 3 2 2 2 3 
4
3 3 3 3 
6
3 3 2 3 2 3 
2
2 2 
2
2 3 
11
1 3 1 3 3 2 2 3 3 1 2 
7
3 1 2 1 1 3 3 
7
2 3 3 2 1 1 1 
8
2 1 3 2 1 2 3 1 
11
2 1 2 2 3 1 1 1 3 2 1 
9
1 1 2 2 3 1 3 1 2 
6
2 3 1 1 1 3 
8
1 1 2 2 2 1 1 2 
8
2 1 1 3 1 3 1 2 
9
1 3 3 1 1 1 3 1 1 
6
2 1 2 3 2 1 
9
3 3 3 1 2 2 2 3 2 
2
2 2 
2
3 2 
11
3 3 2 3 3 3 2 3 1 3 2 
4
1 1 1 3 
10
2 3 2 1 2 1 2 2 1 3 
11
3 2 2 1 2 1 1 2 3 2 1 
11
2 1 2 2 1 1 2 1 3 3 2 
9
2 3 1 1 3 1 1 1 3 
8
1 2 3 1 3 3 1 3 
4
2 1 1 2 
5
2 3 2 1 2 
8
1 1 1 1 2 1 2 3 
7
1 3 1 2 3 3 1 
10
3 2 1 2 3 2 3 2 1 1 
4
3 2 3 3 
6
1 2 1 1 3 2 
7
1 1 3 3 1 3 2 
2
3 1 
5
2 3 3 2 2 
5
2 3 3 1 2 
5
1 2 1 3 3 
6
1 1 1 2 2 2 
5
1 3 3 1 3 
11
2 2 3 3 1 3 2 1 3 3 3 
7
3 2 2 2 1 2 3 
9
1 2 1 2 1 2 2 3 2 
10
3 1 3 2 2 1 2 3 2 1 
8
1 3 3 3 2 3 1 3 
4
1 3 1 1 
5
2 2 3 2 2 
9
3 2 1 1 3 1 3 3 3 
10
3 1 1 3 1 2 2 2 2 1 
8
2 3 3 1 2 2 3 3 
3
1 3 3 
3
2 2 2 
2
3 2 
3
2 3 3 
9
1 2 1 2 1 3 3 3 2 
8
3 3 1 1 3 2 2 3 
9
3 1 3 2 2 2 1 2 2 
4
2 3 2 1 
9
3 2 1 3 1 2 2 1 1 
5
2 1 1 3 3 
