154050361
95925714
842849719
-649528028
-621025967
-276930351
-531834416
-546719901
-338758003
-608475076
127833909
10058732
-594410665
594426989
-467873290
-118606975
-800223029
-878622265
-603511586
555138317
-968220164
733308338
-370224238
152496617
432488916
805488627
792173469
27588194
-506104648
-502549439
169869203
-599242711
-4223537
-603661937
111113263
-518039714
249472322
-508493886
-222237682
846883266
-735583857
-673454208
-968061808
-798778898
14385551
-882702717
-816849152
-271446551
-409515206
548477272
200865783
541043596
815654830
-840577917
-425428341
-179128031
-843024287
-636652700
786604033
782174701
-446023673
-955291134
-403645368
-711425028
-541857662
-931205730
581319736
342090433
-60098828
-817757238
555970543
434016031
-667970208
387386005
-606552280
-83952004
-544444960
-545491968
367416143
919442743
792420050
332162471
-198874652
-73404363
-852170748
776262685
-791999026
-557875941
958226699
661647089
487062362
83925072
-904046086
-853279206
-559266220
309802571
-798363275
-127757289
-722562869
658992250
-277381939
-142428617
492518680
72238175
-270069235
854626136
452292938
483037481
-957120834
943605106
487177590
604358637
643463069
-868223871
-420832289
405660027
453813668
-121510861
209903645
-750462909
225255480
311837693
-250900527
56217075
338981818
-267552896
-980199234
-877374041
-887175995
-284717168
62166704
-70395191
878171494
-706676615
-535041592
669761506
627739774
-644847404
214827054
530363920
706418090
944884061
248102131
-372835709
795887050
-492668338
-210647429
-36626519
-723878860
-851035550
-226413278
-713241467
611210547
-164215372
417123634
-900025600
-68900543
658311636
429254737
-831564891
-926908405
-165854186
-777794262
42262187
338511047
-943711073
-878982689
-749130770
-313044297
-249153687
419315378
-117420957
-649405493
745479232
-844261235
-475045169
266529674
-902705052
816444023
-946080076
624539185
-88082236
522255329
201324976
729508183
-206251435
-349252211
-669770273
-115493610
-695323500
-288901769
-695534537
-79772237
709513988
234612233
-350768666
-543889912
-721980534
336195655
421715114
804278525
574856761
128004771
565301906
-366495907
-665803714
601911592
595675061
660265396
-119463763
428509256
282662302
-199314208
-350195307
-140526629
-307113142
257220494
960529040
-999004018
-941575683
-350547769
232975593
925722334
-842329583
-551329286
-452969742
754464583
-871335068
-589348227
-477499624
-22337170
-175594188
-1458170
560215708
-636613984
-717524569
780141266
850282891
-300745866
415993340
-918399032
-937944150
201057412
-740667989
-236649409
-871503077
489353398
652756684
945570956
187479343
-12529953
-378743567
219629101
405965508
30014109
-700717855
673169504
-248628508
-820668792
490798561
-637769201
506136865
-5580992
514812898
-161201894
-677477908
-615912102
-268198265
683891399
-755764749
-164123831
-785147321
-808468305
-812736981
-52585529
842803628
-707449643
522305360
-794564150
101928749
885446348
-966470754
-922765854
-489699280
375799975
90094377
927692723
898231940
-157328225
785414240
14273719
169252797
-731580743
-314091519
-335183092
-460882901
-213911627
-899345645
-137053753
768581674
517076286
286397154
23391952
620215290
622152478
968491438
253841780
-68283753
763287190
-650315429
827602288
-896896193
-881576412
996310577
718018629
-196083423
850528541
-982828787
454951017
-285168750
449361656
152989061
264733252
-549153374
-764120952
464494139
-825308074
-800148812
-388616231
-26396164
-269960280
673859248
-894658965
-733026424
-770859624
-319619339
236305569
776600863
460638347
507198785
-270744189
-373346185
-789130858
896780534
909463116
683461300
-216648994
-253242260
517557922
-548405284
734061360
-425353735
53761998
-411275685
903551910
935403098
664464484
-618741362
-190713413
832089389
576852194
559576212
-77768015
-109930468
5915113
671955281
-433178758
-347934549
229173425
894585674
971154024
-735364349
630009121
-892131669
-602523109
61065300
-629086463
593171992
-83351263
-604819890
-476524508
-244960318
-518451421
-50581494
-196541065
-788593682
-938186456
771355621
945403475
-19512585
-782453649
-407518929
879834999
-757388094
745240173
-382754018
370664419
-771693357
766979622
419934288
977659693
-978764089
-815131030
41306550
793712091
-182127422
-707441189
-715451592
-154442095
-373137645
133606049
-373878448
-569082075
-431501692
-985279835
146833373
-138054229
553640953
686906581
108996816
613097458
-18133594
-484363663
78378265
745970781
712213915
-465550428
155252927
-955950291
-41538366
-726472825
-838273779
-265567700
870812772
669625021
336305862
-183227129
-17105227
917464289
-477683338
809330839
197062896
703406533
-421128491
-648385606
438654798
807309291
-359901555
960934138
-122275289
-48271884
-984775929
-494216298
-902210606
-939452189
-650188803
-758222334
207232972
-814459623
-311671588
179213144
757261104
-869261552
148079560
418995739
411714269
450983588
-117454830
-213525133
-294588649
-920730426
-153762998
-170612395
438652775
26040119
-158907067
357751679
-488332721
409577372
687776669
504709652
-867821757
-985107162
-120506463
978809741
-770851859
305038944
-172436702
339739240
-67559699
633946946
593170491
710033471
693935318
-854346162
-427121449
-83712185
-900527566
653197942
-640144754
-787141302
-703085837
-405459107
-810867243
485574291
354742987
534611482
-790976445
-638157509
955639118
302330138
184527514
-768976123
-191042068
367143346
905824506
349643019
-919106645
-581704843
731585526
272281864
-988764965
347532845
939139891
894019787
-474800578
613097458
478789834
296121504
-739413795
-61728798
-648233277
-362828470
93515164
884694028
725521504
-314266144
8289233
789510047
-983456742
756757443
517147612
373900926
391986154
-923712394
-732762158
419772749
662652198
-733537777
-246126441
790233950
-508376159
-677555151
-755267386
-25705194
624574703
803422123
617042345
-840257190
-423689311
26786332
729225609
-422988473
596313889
-711444220
-875071202
411478021
-773878012
492229579
42608984
-193675820
-421922482
-837760428
-512658583
959400656
-886013032
185644400
422265081
335296548
903137141
-875472567
512629926
-813361626
54702520
-824835526
939304324
-120150828
538220801
150913373
344097605
-462266075
278197880
137502589
813281441
906891689
-171116192
1849337
474362624
-553336630
-617112630
120604406
40422831
875121690
183381395
65626071
278601727
-502381178
-78726341
837656178
996941340
-875502707
872960415
-135308514
-722393556
-216364495
-161694279
-753330690
-740756812
134489189
-698126926
-274743894
-631863664
239991086
-445499898
-175203474
-731074491
415543396
248062168
-124539383
-616522343
-689313427
744137250
482321196
-466315490
69619563
699752335
-70919105
667408535
551165931
871628889
-135460577
885149259
414741910
456431045
-211716886
-18133594
159057200
-977759138
-64908869
-144934005
157063413
-994275116
682842856
-180498957
-340451542
-749290781
-672263558
-762839293
703851579
439094112
182040193
-994410356
85079586
117589252
-542855609
379665458
-716756000
-847857365
247006530
-196541065
331585705
-581359413
521318802
948919414
168181059
-764474845
-309157360
-167718909
879689600
-202625264
-841256594
534896652
627508061
-201429739
-500228319
-951497101
-782724409
-18689446
643705910
786490190
-971505974
-923291387
-851879369
-889110437
-760196792
-809827928
346193112
289295723
720484387
432501957
-862881922
587289834
547722665
102184752
763969725
140600156
721768236
-447878851
722535279
498803292
983067799
191569503
938784353
741795008
500769181
459077153
-609150939
642360369
-720535451
-739309305
-48364849
954892328
-868775301
-931056521
569133826
726307495
-123746845
-598669575
-638716646
26916096
320598100
-459637654
701578401
-193697009
464065254
688767971
78755491
618367716
640041111
-13807802
507251332
91539448
781233354
-154335062
-723250443
-932569942
219623355
-770953278
-641120652
976285586
912045792
306451589
-145853110
947985065
-758536018
450165455
-261028705
-556962922
-208284817
-373296435
-451930103
-950984139
938141083
-517180812
-823463062
-844483131
-682389821
-163975856
-61923982
-954076387
302398646
503923551
-929257067
-917442735
862774338
-349798453
-82564897
510837971
-104400561
-183862167
-996195896
158278446
620981393
719964714
-614396220
782651566
-254783685
-932547584
988566516
-714992193
-917844293
-942403653
-71831198
118943099
-173791123
-935889698
-376597037
346738109
-143792775
-109532545
-339580534
581151722
843949875
-496203961
-995918350
443367586
-48226515
644850450
-934623413
331270519
134903006
886884575
618333030
-463593702
-891706051
-427991284
-132969924
-667057788
780639161
-777980480
-787829780
-603841953
127497880
-197105635
-342805090
375263635
-916602623
680493872
-469414747
576473652
-617336799
438654798
163027254
-715125266
-958960783
-405076415
-176939782
-180858288
627752347
295279260
890094173
-319959475
756371406
-681670539
-291218154
-509319809
-840730451
512639993
-813109870
-823947647
662493749
697127199
-232363589
936604745
614422668
833242079
991766771
98247535
82689492
-111464819
-903872539
-578101486
-977615834
-316157340
-809508525
165653448
-820273524
-826094055
991362367
-27622795
522507330
-259180551
-318049071
-530050854
-825280187
610343545
681891601
306961054
-839725695
-389121076
-461027510
115934219
621924563
696987864
-852170748
137650585
-310848845
593315768
-782709497
912272080
-773584233
-114634380
741785018
182931600
-877218353
-488289866
188468238
-759476324
370175945
-755395340
590186476
-885191426
12444430
-232940561
696153143
-658534463
-867753587
-884385308
-960479186
468992886
-198608770
303013934
468429872
-941732647
-678864328
-813708982
-869874626
-376579537
766381021
244092204
-747364332
491490580
-878622265
-280595330
-17933750
-999666544
359879535
-494470790
692649292
-497912672
-613498412
-826881917
-917840535
592380801
431676394
-547294695
840597711
924279877
904375197
-992191716
-360958237
-885711237
-488553099
-692069099
493623807
888007259
-398541546
-760248240
932799974
-389135163
-248231377
384056163
260835638
395701670
-738596862
-765820852
-423477066
-966306191
-709503594
-591516753
-702795997
-549823275
-442757270
-512084022
276189849
995203834
-697982375
232987303
-633008745
520302372
-132654423
-955249004
888442025
-557875941
-299326590
-143278366
236909185
-682875843
572579515
-518070308
-749327823
352199292
-189361772
-663913972
-759953885
-133023377
-798122737
-176079734
-732995775
-723134539
-734199057
-329616507
814190536
-306272702
-696190092
-568292643
-883678343
-981900108
249697157
-531027656
-589477943
-816235199
632305330
-195985734
392614289
-749492719
986479872
-985508553
-254131910
-684207392
-562655121
159190852
30026023
746262719
297676934
-1420585
-436402297
-314656689
-992264022
-523156119
-358030765
565212358
-949525138
-120207908
484091012
860480146
-19682872
973651070
-768801628
-40359033
-995325313
448077107
377104557
-863306151
-694845786
-97992664
424536953
131821628
803460143
637988160
96575895
30232435
-624346916
-189607057
-613376327
-792398142
-957977977
660985366
133733230
384688648
-866648831
317498471
867417662
-197538825
835852478
53564972
-337991054
-162345224
-820744630
944254912
-274743894
807659844
670365538
-232104893
716038759
-259462111
-823254135
-22788812
-857751628
-448119038
-874018867
637782871
-376308101
582963169
-409743231
-994865105
869678189
503923551
-750879434
719487113
-909868422
23742598
-710529829
-6704484
388057093
324922776
-766092506
796919374
-987123632
-344482601
-999820540
-763064210
-687625360
305230153
522135955
648203674
537838816
528827210
-991130237
11355127
-347741026
89652341
758960344
-891699477
-140909685
-790794503
-311766
409292288
354233826
-170859517
-507238050
-530801086
-140336917
62809393
-289066765
764902319
919775269
442129737
409428567
-346324202
503119617
660534922
-655407586
-325039019
564412103
419853423
933562265
-196498104
-27473114
96885114
-236251674
-90145105
-143126100
-948595005
-595050756
-391315937
376575000
-300745866
-507619315
-80150966
716957125
-816186761
-195261479
839876458
523436286
904609996
-518535765
-43297906
-574601508
-77456962
-607790
-786428852
455199046
500442771
511765236
868805510
-596681301
-444302529
449954095
-812168697
-189690911
-562486271
264866778
-813785785
170781949
663884512
-302954044
337210284
-167467783
381866843
230805020
-222209856
-155347506
-811864386
-132354607
-269780545
500858072
-525005600
-602187362
552463815
115931279
353427510
111008683
524048462
51845460
-681498989
299884619
546529771
28118100
651313926
-735589493
-648327696
-486833270
-993307318
-383477926
-255825597
353387770
964593535
869904790
490197434
-626996707
959949655
363632684
555881643
829702162
240859066
-921152080
733130545
-991967632
347230436
-971324029
875105010
-920332897
392789089
-148170814
-220684567
309462153
-360093316
595959411
-759362267
20546163
227587468
-403600881
-72114350
-733003791
748810291
-738658461
419728061
598456094
35106276
48645751
506770621
-708528291
-325200920
735945009
-866672481
828208183
756267024
52427821
606523660
827943087
-704967753
-713362892
-566921767
650547882
-902012847
-886017115
663217332
-498624302
-241013614
343544304
83789770
36627541
69386839
-907878272
-373375549
-145704645
704421000
-946041338
845036443
416771717
-312506355
465609807
-559218290
-258041995
607905493
196162377
-124352933
985950860
-275235060
-560695818
-864207739
4983878
-797373447
-722900603
-32184440
-47354371
-60419992
-148692637
896707913
921435921
-946093340
368889969
-698925806
837484467
-251329057
-45245517
-813354487
-263913540
301260083
436150321
-322474913
342155825
-334257084
839332178
260665398
883952157
-442164536
-10011330
-20388701
518763690
-360912624
-104641111
-336998510
-743929188
761715252
519807605
115099952
-833775805
-128039757
-163957318
19874224
923241228
-772390363
293718335
-817757238
-725102363
-253709645
-658404864
79217839
593373107
-218768174
-710237641
-912828823
-703915076
226407218
-817854009
558838335
-996519422
701157922
53270157
-856508625
770609103
-523249865
47824588
-705541991
51899834
-999731805
716026111
-800021493
950174029
-922922141
592210853
819868564
869619880
213209044
894172250
943012425
-102437731
500165722
110550899
938784353
460221247
577352223
-828629548
-157972489
857415533
-52425858
437363819
78602381
-972024536
-892711465
988324314
535792385
-501872980
-20353920
557635746
-194533559
-554934162
909763320
414414663
707922746
127835795
530994742
9304472
764473157
519102227
-848319963
-702435562
-572207801
45419965
78891526
619456440
57909699
-182161448
-773902775
352677389
674913341
-496270301
527334597
-78589675
986929420
-862035317
-737321742
481050603
-620532941
541774717
274463826
-6261553
-930213780
-243365899
682613437
57907988
-328629781
-384171032
-464108407
304291306
-929744678
-576569895
-528874349
811514847
-949672918
802290980
-936792922
405389858
-745403402
355490908
-276229850
204996332
708998226
-57381148
-884765131
-389643396
287404544
-402541856
-823463062
-991792595
423400626
-818828523
-138554999
-35829070
602939313
-895311478
-905249801
385175873
-610610535
195540395
-142523679
-57358997
-724833456
-869261552
110581996
-330734245
409242786
-371853211
-187626717
-990499051
-341595232
805633665
-352915373
-794450648
-625410304
-902705052
485637501
156937284
-999929501
511048564
957318823
838519249
-337357454
-737493972
-417514941
-566022882
-195912571
90514240
502869507
121811475
-819849093
-425303906
-887560098
-235714113
385901938
-479034770
825487275
573017700
746699472
721582303
-395601559
-867849548
122298687
511071400
255417946
-829599261
451429478
241907373
8054272
507127226
-939594599
-513909108
685226304
-345226695
-6460285
-815376293
441294001
818357007
58347319
793805011
-802125466
351827986
-761455378
-391590246
215971190
-301086247
-862698178
-695265492
-535433274
819119105
809200094
-670666688
980950063
-444279799
627682295
201522781
-210008912
-152385404
445798719
-911828643
-575101914
-886406056
-726580516
-750462909
654820581
-497497948
424884178
-929257067
-203496930
-273982886
179367378
-923840725
-613009478
-560275543
-773293499
-811796880
304648770
296464820
68809440
-986090261
24828882
-115950623
241683191
228935538
-375626175
-943806500
580329622
-791127373
679919858
611779143
-820871332
210356080
829392484
-586791935
-973597204
640875265
-808960011
-814877277
935224466
257267395
476787260
-699886564
-431728623
-987496569
-885855055
-842932565
-403220213
-206863620
-199955896
-431109166
718503595
923993561
501766642
-848354638
-328019863
-198488849
-303132327
953141351
-219132501
-199311916
-613753993
-463211923
-750138580
634459719
168600722
660170450
466963046
153852862
-613079716
360867096
-717520789
771873883
-224653025
979680520
682336359
956516102
-196083423
-104389147
592142906
-80680165
-568192623
-950658477
-917174913
268647317
-783791070
387431092
-154197866
406429525
255183435
672763898
-365430957
748048589
361989623
-653880881
-704545713
817575310
-705716110
-375639054
-957999825
-667295528
-48041762
-199526202
974906647
984314664
-927476903
-127225081
710185954
-281331467
122693905
-152632485
372804893
-261526087
622559441
-789183798
618746320
677475906
-57700244
-329405786
536297923
712203576
-994540399
94417884
-626733182
-644952409
-304475779
-909504190
881778142
528104372
-52961829
-580008480
995954719
395494412
747154493
-755393587
-924579733
595475024
-734558784
-256714292
-23883024
113144441
-808179354
-583074700
-837939192
-929779036
488968890
-409655056
-806646744
-735573936
-299804396
-852863525
186947100
-775547629
654153579
-463651902
617616405
8418818
267885525
77674796
-271400994
-617437886
-140242000
-436968243
-408384808
-996492760
349197646
531927359
-932256106
-312316583
216056526
-591933883
898263696
-718656839
719232899
83558657
959400656
-418524581
468653206
187659829
-529104013
998440905
445974961
-344297895
957084911
-519755589
65323428
991897547
987713846
-339334883
-274807327
827286737
17698720
383851048
87796368
-873555522
-564521634
-252514841
30248727
-72902780
815971321
854706722
-93019147
-956278960
105148822
473261255
990143661
66976915
817637653
-928124099
-960794930
431978795
245018243
-894851829
-779246171
-184332858
-690135810
-746732299
-295510611
638359968
-138880510
876200661
-343997669
-462468255
-896292597
538399010
321093699
-374620463
-467893915
998311355
197477942
-238587445
470372371
-984470817
563859790
-878125542
-796471010
989101992
255175330
89594679
-372916663
-679956201
439454805
181474032
640875265
-994600869
49284863
-555344299
79435936
-952713094
695951680
401461296
258588538
36142311
-793658855
-972563447
-56079224
4633425
306818741
215316791
374040723
468085374
223556400
-226646050
-199526202
-968516584
208621345
863550998
-707803165
-925075156
754365526
936537658
-348228243
825305911
-797977793
358621871
-642674050
703935823
-417752923
110355132
-323395340
-82279066
-200968290
-620569242
177321192
33944250
47165765
534380284
-656364420
-10680449
357677180
641268088
640542722
739244098
305230153
-335895255
-793746171
994203030
-443874211
993209563
-812531420
-441443083
-737714929
-266521293
238015219
-676869345
-527847991
115620733
146018682
961637467
353553560
-999583511
121811475
883153942
-803445848
-9009201
-527374866
994452072
-842804013
928282668
382136897
-621407095
-579693865
-430575902
-771409719
-967183148
-6955779
-450921987
-268380227
775373403
811561908
811604431
571230377
-194522276
925822057
856092939
934630613
-330055731
246647904
107774373
-875992133
-207979871
-568793280
-826333420
-440333561
718666960
-875449569
-839369005
-247646521
-229396405
-857882767
720271827
-589043017
341844468
-13578359
306698138
79088120
-52828314
-87669272
-177872420
104101705
742165786
126297239
4240673
-1458170
-383228926
-118233592
433167556
-995143895
-44249251
-853197872
-78121560
426396929
-298959939
-944218154
197533209
228823611
-279135353
947925210
789059933
-638157509
-205936449
470579438
8834236
-616974772
-834482423
-716795554
-266046446
-931469320
830340684
-243805741
-41816429
533845594
-227796650
809593592
-613621367
473406300
-264170268
181999318
-117239787
432359326
432339652
-320060735
-248273558
-684699410
-606552280
-43094780
-828335738
-759951580
54027382
508222499
66866280
-33020716
-420738034
-834543522
313996838
481898468
561440860
-675753024
703425306
-872675189
810917375
-784080443
-751156504
346968118
-629984746
827084052
-568021213
284687312
-231381341
-984080529
341745671
-860060849
-203496930
-453285462
632327405
318415409
-279107685
540032006
-965891445
-297648693
267191189
808016396
289304076
315012524
366450590
141818657
582102053
-494332201
195837875
-518787516
-120569840
376884401
709965392
934821848
-298354662
981267130
911153217
-61603573
253414357
888361376
885001022
-875335437
563746021
-520194123
-316064330
840787754
-671105550
-946457176
-855153793
-813865021
44009351
280478700
-227261090
-898859410
-436343455
-279970000
-731964252
329946797
-129482402
511036145
481098782
-79972206
613500186
-891332421
-598779125
-298335767
145561571
-522038358
-719979383
-20027904
46593887
-735723838
-102258751
-29361480
250428063
-560078624
-52708687
659912286
-671952519
-270527807
306451589
438486606
-71296888
-457158163
-41512808
429496201
57298451
-350265784
-909902159
346599642
-42696361
198249820
560188486
-821288589
-125135897
-15970686
-824939671
814440097
-530707443
442278824
595602095
-693185809
443448034
19307554
528496710
960800697
-521920238
398481661
406874584
-687516977
-143428049
397388129
-959145591
-33231075
-436514118
348176379
-737132053
-552286650
-668606849
-624583369
-841093848
491730953
-285947718
-105254807
303752798
-882001690
-764934075
-913115610
-330253388
-615987458
154981421
51899834
-949548118
355943771
509699917
531815312
-909821402
157826005
-999330917
-912435042
568213182
41716228
608548721
-897815959
-507970598
299920060
-630174361
-131656333
-977559390
867180061
262023426
879796192
-999257999
-613666494
236622236
-4812603
60986319
-922645275
622398544
-441091470
-806472709
-17753329
388037288
424144968
-783759733
323886501
85368325
354291596
-712210703
-709543786
819357756
99984223
-765909247
286173222
282542879
-634347525
-635186624
98470718
-46905282
-778480429
-951541545
-80043669
-464427224
403320802
-890510878
826106034
-374208973
-19819039
-274414044
-781132093
641567690
-8220030
-932749640
585407962
801238912
951219866
109435496
-773126197
56363432
-967269295
359809529
386597025
-79648804
575949363
-388230041
-971463487
-289257938
25447846
834947489
15059595
-741557422
-856456243
440313844
224122437
535475783
728739511
859074201
55254166
-186793509
667692672
960305305
-311507011
-872438525
-377557179
-122452292
-364053141
-9579425
-638833919
-491273448
438390172
-500533698
858149058
-341303278
94629582
-44381085
136210773
35130209
466582991
-390693097
-14276661
-672178998
-661507054
-577604410
834987003
131730462
-574362850
248064495
-16072026
729225609
-876191059
409399863
668807805
-518701076
786854668
-668841675
-721208062
-955297362
-701300085
-89481509
528450529
789919568
-627013885
-74955882
-16793955
-853208116
-684013152
-799744640
-471593249
-946538703
438278612
-731088635
-636609704
-978318119
-39333931
-380049144
357249858
494300155
837337146
518818008
780195836
554934071
312931760
540078652
-615281438
-118979609
-955049110
-452608638
-992409648
645460248
-751016274
-285153111
627119830
-706645860
58102095
690051379
692597007
-64846893
310357790
-646223765
178770243
-815672254
21270689
866208011
-700965055
-764834371
224836125
-437149541
371680953
-172879730
495855130
692281267
-182789183
81153154
-62523606
935552777
-786139276
-532791265
-339731836
459878711
-446654604
-545073466
-929404656
421387706
419825433
543373484
31272315
314003997
-60616099
915876457
302398646
-550935887
872237448
164770458
42262187
-790794503
5583022
580177204
199944031
-529548321
-949525138
832412350
928612860
747774231
139803755
350572894
377999776
-25705194
822938217
-966907471
272628172
256110296
-714301767
957007392
-844026366
235375493
-69618390
38535130
-590436339
991368398
484382341
156129733
852501002
-668396240
-794665184
543682097
810506071
-18825805
-721319778
399981759
279612022
-130492442
-823366890
-367411931
-441987323
-373043345
-390248297
989230364
379272826
496545218
751432520
-74921984
390698814
945697267
-795491581
119980968
344810312
148079560
641109227
-755240657
72303537
370445760
-602717209
245097277
419369643
894095377
626777949
-609155853
-230440429
607664995
-921277178
-66488327
591658532
-688263920
792396108
-732484000
278723604
376425926
-3450882
-130505986
-609756979
612964770
489853621
394027797
305908614
452657853
-767751321
-363932114
-133760369
-153496312
-288410347
-711703908
28922926
957887666
-7483247
22692227
-676872132
-466688901
-350151957
-895126285
87339075
-655302762
407782399
-83083631
-298949240
-597841843
406744140
680542416
-868910737
-196199744
-151100566
-60437760
952937622
-127975041
341748062
495251089
-207699241
-901806066
-81165876
131841413
-619038698
-224168565
956146472
317252681
605017900
-713354125
-889110437
181111627
387094514
144057988
-632514103
-676467767
874453829
499107319
893936418
-934884077
906389493
302944193
-445053171
-81343675
109491989
848953005
222542454
714004335
-336689812
-836785111
-17052807
-432355489
-945735851
145885592
948254252
-325600971
-673389155
-822553100
-252647087
-160847770
800453410
223910733
710911372
297714425
-739979829
730229465
169729918
626802927
-68990262
-637167885
753633934
130736308
-960698263
-512544018
-359667529
-121505579
861613741
859666744
-205093779
390626812
699358900
474999933
-86639836
699725178
476758798
-328356344
-276134181
-416222759
916742970
354533216
347984996
-234997906
461884357
-113393748
-636469681
739067829
653211410
-690591295
-328629781
-469987250
-334272599
378192701
-426342916
-265646844
-49607422
-691599117
748605587
110958458
404189759
105527398
-936125300
-776449490
-120158062
37113980
939450571
-679196486
146266793
-916299798
-366201940
728773631
-157871346
-937628333
396805295
50197739
-776611568
807343360
-484750895
-859463742
973074379
512591442
-479724985
935598001
-752542532
-574790252
-697041711
428543522
817966599
-462468255
-546671595
774654623
862907024
-908702978
694828311
-241899955
237059409
-583887299
992756656
-193953517
-974694231
524631388
433428710
-929981524
468348590
-938729462
474883082
-479257558
560155723
-513696444
547647607
-220911705
57151792
-246819702
221052976
175016664
-634438278
-316159696
-250394177
-979436706
728045430
700665735
-520514637
11192768
295155947
80776303
765353203
-734427303
-172610814
360450419
-267563271
-291641828
-797732544
-435857265
-794574271
-24956648
122298687
-969071637
395244693
370215827
2032880
-972563447
-413750833
-767954307
-977782300
720069449
-509867268
-847337732
-712660016
-548744739
-725148781
373459147
-923840725
150299455
-539936069
-794519803
32886951
-467424069
-736292383
915061074
308231915
-705877673
-867377549
-348000292
412737298
174982491
-249183156
-854557981
37311302
199944031
-867314531
247568574
-922417032
-981600162
-828982017
-965503563
-794519786
-305439751
-265646844
273059547
-944095615
764031340
-644847404
-202718418
-247809837
273383516
717475318
-160425766
-775386355
696987864
-340645252
-599316870
-969622025
880786806
291613249
-236916947
-877218353
-54974233
201792824
516937721
-591003299
700385142
664459127
-365695806
532796377
811632029
-206794012
260847085
-317962998
-914706876
-611970514
715548051
337256623
-470257972
670740505
94081125
-779400018
-803085625
674775344
358507937
697272846
422331583
-701807824
-889255531
-32299518
-856616669
750567784
-81056942
836167500
-924809472
-212895858
645460248
32428106
405129754
784627703
28922926
-280563377
227059080
455879943
-68900543
-445487496
-625904091
-964756583
721998867
88442142
-784916875
-871525188
-980904067
-126950085
-3860896
607800553
-38732145
-973554632
-501728370
981018365
251199428
-76012744
541392350
817263030
421840544
490798561
625526480
679101867
-473060251
-190485477
-690806767
-213719313
-369991207
310288854
-12699758
-862721365
-568519902
725453168
180483301
402832667
737152203
-43104253
-304561701
627962768
-905995880
-918767677
610491043
-841809121
-22026644
-897544689
163833322
820875541
939640260
462920858
-622608112
-955955445
203693249
-654541807
650823260
106275814
755031998
246847563
-253397690
-981234050
-564070841
675742003
-987944701
63999048
-974201589
-257077827
-822914030
552927915
-449445026
-873341687
-842862330
987912406
-729929889
966578311
-464546205
-820833170
-98733841
-6186012
-81910658
304598313
-858537603
255183435
10058732
679763983
-637358688
-307991981
404240887
-752274741
783230038
305718192
255490929
-13757458
-916274817
97061192
-395834642
423734524
-350841227
-390792399
573204759
-797420561
650368768
-939254150
221480901
-848594443
484877918
583165243
62074790
-743431951
539519373
-755156115
-357619249
659122325
632730600
-410066419
280674809
-148370174
219806242
865920143
-820949865
926389101
-759547053
-186109563
-979609115
-970972852
-718073777
-895344206
-715622306
-528952814
-926275449
507251332
-355355378
-259760313
432138992
-86351717
-417878088
-258752756
-499469463
-896403562
71950065
-657664845
698345629
-10368550
991707817
-902597422
124526301
10423586
-858677091
84594744
-286162797
-742051656
65979747
481971698
-494656356
-820234521
370949189
863719622
203853029
-25705194
151117626
702749311
254185526
151354377
-249448529
-264345751
-450832459
-259020080
-967510585
118854496
-114710468
72399185
223468331
-728016925
-712152193
-844776190
-212434344
801465797
-890989898
-734558784
249578789
-837384993
-785804635
-182123684
-481486222
-633858651
-916729032
-507257007
-878467483
784029263
345323422
-497497948
129787295
531878126
2771997
-807059220
391989907
719498296
549169201
101080029
-266479351
129554870
948173713
-767669661
48083275
429273258
640542722
249849507
111951401
168509629
-914623273
-695836690
-803371269
453581143
-445544914
357488221
-162206131
-130082411
-518183183
38959476
-957656169
-767738054
-468881051
-36199884
892894339
515814208
-398541546
-830823434
-743390684
583599889
-987967027
-747530026
-489477017
486072306
-535977688
-796466124
-744736265
453512541
-30123434
-19070654
759737873
-555566890
-792872850
-426283424
-813228444
-659606
-132654423
203521784
-820153628
-692341457
-193189101
-993267295
-564187657
-583813101
932928216
-743552170
246859480
-146113808
-282137771
-112912969
988023505
-25074746
493325501
-670536537
-835128431
-396281096
-601725304
-652069365
117014424
-749838211
112975827
-17933750
-385738740
573969825
425201602
336623596
-897474539
-206921392
-270599857
-975311906
34538107
-5815539
-730745732
-976171057
-873010661
-999747001
747453772
802141200
-25182785
275910315
890764950
-969071637
-926010222
455342299
-305439751
334759745
852186857
-713478224
-767235891
628748765
159105934
626667883
949657621
914812602
497415981
-756129293
65482913
817019028
-987777305
174577127
-441987323
536653497
-483901767
92313254
-535361166
144096743
-954804653
-922120183
-83089415
521644642
-790681478
377999776
-477907608
741083834
45980228
855923619
97049855
155563052
287124802
-86455654
-554170388
-119418820
435881522
-813922860
102518049
-613241734
-786104799
798485522
-851748556
-132827438
-900074140
278426623
-391675017
217355122
-479724985
257629120
964189968
-824983079
-839465611
242024442
158037552
-163957318
628748765
166616787
-627726394
-816713413
611008827
-729287620
-299003587
-718995754
-629736018
-834219251
63310413
911051112
-142226792
533001734
-134371580
-735837555
-494146996
210185939
-44027306
-808562573
837370275
219563069
415464784
214968528
568848835
-48134748
-658951862
229189301
-421618602
-639703999
-655620015
-724523695
-59577932
622561295
-117239787
-931392465
-909693794
-680280203
-885969772
161924930
-995852567
-895836368
-210719359
-115543388
497214088
207718391
94655162
-77952778
-245375917
-360314387
-403736169
-838912743
437922932
949225862
126403776
680086024
-598361673
994818235
821525595
903482805
85079586
-964294340
322973077
228823611
656469601
102689339
-786933853
-749926169
416485545
112917748
-3927034
-878467483
756662038
-159285578
914361347
722881722
876414036
-588707793
-904163954
-657736031
-136824570
632125408
-701745773
-778178383
-470093348
-431447105
84262499
-593641894
159971034
-185925935
323166171
-937328327
966958866
852093645
-933426147
-172514647
7334764
-19294828
538277264
-506930090
846569958
-416128219
949043405
101093497
987850517
124256399
-931634907
886766751
350384743
263952268
-313483771
-381410299
971278887
-196915505
-580008480
-699163158
-805874499
-320944415
-125198370
633736498
993550979
810674368
-320242423
831809517
-883011467
-361853835
551526689
761848058
-706371188
-784441801
-888508270
-238753489
-517623682
474379986
-450701553
-448976120
-985452845
-247786656
118914755
-644500028
-853748302
739132337
643631712
144404203
-636766173
-675905548
-959771734
-120853574
-343868818
394701203
199914943
681979073
217658331
904914194
-281552642
317704020
425377663
493101992
186250470
-262532003
128219924
-551197889
-301290264
589910895
-792341612
161938004
924853549
264423141
69533819
-863548296
999652229
-791811893
-242319192
-119418820
658679851
276290370
672815534
440682932
-400469500
857971172
271393788
-498542836
986128636
616201518
385571348
303822259
968411584
685549575
-824892108
843921996
-751841935
571215886
-14521685
-401249125
-394910814
-284853707
-261276015
-972606456
-402980326
777419419
-751085619
774048618
113947328
-635758883
-909148876
558215240
636291266
-937355183
-137176829
-909507946
-528215334
-165062109
380289570
992521994
872972251
388306421
425501310
-755728548
-8384563
448084005
429556443
738362871
-899756124
-234563094
706390972
-742578800
243744590
543593785
37352243
-815624666
-45388211
-216648994
768491426
40863505
-214233626
-269974198
756782018
-681491152
-287586778
495043314
-786721083
322839383
426188736
-985057462
-33757405
516300005
137926836
485852464
-279135353
-240494116
-228412666
909463116
-797773288
-262931588
920423400
-635934494
-690701829
93510779
31725028
-358336069
-80860521
886427394
-781471363
546529907
86709454
-414675977
673868659
-569567876
875431553
-285129524
16944001
-820195529
674017002
-974153677
527197121
450526479
232056300
-714842896
-95177919
932776624
-728636750
-899745669
160657107
940589244
779300109
-980254231
-828826467
494891387
-243359355
-616329178
-28363095
461292362
-638204363
878577680
-992708710
250301861
-548353741
-317201483
-599125607
-499937229
-836186260
59405272
-746361894
195097746
-17494454
-713739448
55894711
-257423894
413784384
980303061
708488256
641280276
-323304516
-446109314
938076411
-468621757
-587401675
-621907151
498515122
468085374
619742154
-44457990
-214213875
-875502707
-631069892
-429086580
508588959
-226217800
929555389
18753308
-454307492
-724417041
-182789183
-620854475
512149940
11058659
440943658
779886849
-777108780
-680309137
427811085
426137220
-980890817
785909453
341578008
91208593
320633649
-732516937
706732199
-520707093
920033633
351650111
-222575314
166300466
-791135894
-946417178
969579320
914581344
-99949616
-594719247
-199833906
-930833530
837821157
547088068
-362467392
-614485996
475005746
-915878146
-916247965
-718961349
-796701950
-976119649
-736771329
-835399775
-699896000
-54034390
-466166448
200187405
90679747
-109637308
260760979
811740338
-147451545
57960846
-981775917
-48122434
-28990680
414531350
-724829513
216767367
-217786271
-618357118
-515797559
84093056
-527130149
-38033469
-162734166
-247960777
-220906784
-160605784
381835042
-750138580
256803282
450472982
-776326346
371639685
692910937
-100178997
730980910
-38523446
513370820
12525428
369661093
461135396
141526740
-70053233
-613818676
168191435
511943360
-386794527
-834374441
-949792478
-371883158
86496649
167881347
-995173938
491943584
-319063133
909167299
-271968951
-463461384
-266779820
589559226
-845499789
-884157427
-637566015
973543764
-191655488
-987676641
322242027
-128110478
614810264
-751717856
597741822
-786792334
22847550
-901990957
783372599
195669972
-172193328
467335479
-615711297
-908812090
803220298
827253885
-876810762
-641612653
874013421
471151644
-854360913
-270119336
-805098201
212315622
255739630
-448750247
707563340
-776874457
323973043
503768862
-712530446
494482644
-587976158
-224118349
868654428
-141501678
-70314018
-940127174
951260178
-258714819
-733075195
883122328
-24201532
353532612
913829757
967560427
874187379
803786367
847510857
857510448
-684741399
-191001962
319371867
150527479
-585933841
-42026367
983373349
877296056
-574754518
144851983
-993334486
77679778
-943806500
553689752
560053216
-10680449
-285905403
749459406
-808844446
-729427165
-976669131
-796434475
670391926
-705984514
159426499
-418525094
-769448308
356689664
44249385
155443993
-133724971
-486127510
887247395
-542403557
-722226
-471544975
-986670692
871453683
-985322744
-936096793
-367714180
-725088277
976648305
731826435
583724542
-159911131
-900622091
296048333
-816230037
-804791095
-866983539
276737351
817019028
-86400833
798318094
-432190310
-173224028
893859495
-774161794
-187427539
43638397
-191486217
-369200154
516384940
-634438278
137905810
-469219309
-292372242
-480331531
-365451257
-982980217
534150340
-980216282
-783399424
-213424834
135953007
717227227
-345533077
-532367479
327042075
922241207
-461286149
-406839971
-942658669
847623594
-976465344
853468763
-814166531
26489949
-276689962
-802906578
692475152
715761478
-874074128
758901508
181552046
225797588
-959439715
-837504977
993913330
-476144698
-342510976
187434797
-11046763
-661646970
-854898693
2069960
426514812
-262292302
-899949920
-119988290
937982711
-719768105
-590822665
-533219351
-253174373
992294468
-617328733
-147456150
905268106
208780464
-738946112
71319130
406641073
73001348
528096144
-715818100
460441587
-750405923
556808502
233888077
303994369
-148552101
230957525
-918125189
-957764600
610197967
350510762
-784350763
734097502
-706761027
968998086
-385730920
210795439
-992631592
-762644955
-576311734
-410703
-306091788
848644471
-635754931
-962461679
-442398254
-526689745
-244322697
118897965
-718932959
-105060139
229415738
-981970548
-380445419
-870744508
-464347297
56586827
555276980
723668965
-904286874
974292906
-840507459
645552568
-572605406
-366466736
-993517864
-886797279
-502932899
-640602404
232607596
-736613717
673241288
-128581921
-806992094
-396836103
-51164663
-770738813
482750242
-757093488
-991737430
186807588
-785012345
271445866
-930754837
551933666
-60290319
489063776
-997226080
747388938
-924453003
-657490095
-125605585
-521251467
618215085
259565008
51212972
648081070
738335466
-702704009
-43818388
-345226695
-714603852
686965529
384999188
116226975
661850623
-166984032
-891918791
41882062
494135614
-192568990
610411004
-914815224
-717451656
962850147
-867126064
528502585
907636695
-915156986
-945898299
-889357533
-131236712
5766860
18671541
49694968
214827054
468388518
219011978
926213568
-348772204
-338185665
743469837
458977210
-668841675
-684459281
-224164420
693935318
380064841
-339843450
-658258701
888502518
-575123143
-775179751
977435941
879834999
272949995
-821839392
440423767
20590003
-611511564
926366908
758243929
-786230884
963982483
791557745
-294702111
474379118
677321439
855634551
225862790
-734856274
444707899
-241079793
646058317
-985443581
368019991
71521059
-401994632
-409438315
-240819141
568258909
402262209
564446296
-135419566
703664135
321951102
636091249
493305645
-658943755
652573723
-948385065
-528243209
-27821783
-307113142
559436080
215574598
295891753
30643286
469643012
-154790224
-288088692
14120795
675235446
467339393
838531430
807302662
574467142
470205833
-810336036
436225591
607251204
505333215
709273550
-161583170
-100178997
658883499
-426878964
628748765
-403919275
-817971899
-289076631
-876272200
-382331501
-255406642
434033721
-28482353
-912305459
210924165
271981411
127976666
-233951720
564165774
-684722388
390496510
-494469848
-668814542
8289233
-136284028
436591152
742757082
-24472945
-77406709
-581359413
-805975639
118519876
-232609402
969596741
-248670687
196480350
278426623
-68335257
-52691724
674081462
655066898
-776110369
26040119
445223654
357222177
-379800933
-896278424
-760290804
-827665005
-789241145
-955904610
-435375327
-615081264
415466799
-804358377
174959554
907108172
957887666
-760612622
-165770264
959820930
65348547
371671287
619101014
-159123587
-770953278
-216937364
480588757
-330920421
-370853827
72323394
17852842
-902863861
-432114802
-154442095
-296624474
-376196636
-852642522
-267063307
-465152638
-466688901
-893274186
-734988490
-443711161
292208820
-335893463
72177399
-909760852
-709218549
330182552
-350033469
-618126377
666417005
607120585
512416295
-692652988
-582737263
654309691
-231928974
892629405
650345170
749560985
235636778
-866570019
-207983143
223567377
-357611950
671774256
-936800729
-558999973
148399071
256633791
-806370316
724268072
-680438135
121940879
633636211
-839598129
753633508
554349448
-959951407
-161489184
74085240
-825728720
-744529713
-930540702
-500171146
-259760313
313686830
-656364420
950178200
-888855251
-981492410
-982249685
727569279
-52833785
224142973
132994474
-990090201
789748532
816218726
316627679
-742365894
857381244
985619524
-624544554
-821872696
224144597
788263510
982066487
-242395024
577302854
-686455343
-995344679
-488971635
925895386
-930460540
329292537
-200978269
-752443502
-820242482
480374496
961282690
-748697050
-741948089
924853549
-848049920
18434014
333452872
-62647015
290194105
603434134
-557918292
-793828245
849371382
-392654161
864629467
-922532774
-187303582
997028717
-243482053
-747784536
-374685498
-67964768
497420587
398892955
955533048
47970328
-199240935
-986842024
842359921
-196860525
-735364349
324256040
585533504
838478990
-746238577
-873585612
-704377048
694911116
-492721184
-350458211
102372161
929013130
348492169
-205917289
545168357
945444006
-607828561
-512658583
-911752457
990787547
-593067215
-765118413
-890089537
710852628
660280160
-791332022
-577274890
-249299263
-506573105
246337260
-603082153
-664233785
-59334089
-297864090
-929121591
-217819968
182055416
208616265
-709598533
553462936
731877875
-472869050
-862730070
149913521
-330335697
-280054139
-681744776
-997504716
608056515
831992080
-960677532
140265459
64382581
661723315
-352257242
-858635151
563017908
617654937
-467903644
-164558856
243188295
713019738
304955144
745558032
426573401
-429086580
-277331568
737896874
-932943237
103729280
338142276
426188736
-32451868
-738998824
549693003
75733489
615114696
-28798596
-302566905
-179938542
-748609472
-696971959
843671846
535111869
109136033
508207432
-277493923
-857215385
112904915
250256676
188793640
-994536039
357767059
-629528855
-903475707
330935358
-335890176
-828252694
-571704822
976444450
564829756
378574029
208720502
-488688388
-299712760
836493601
-327313487
-641272614
393179974
-257300475
907783095
-889394145
-434718771
157502129
-557122356
-620845199
635138592
131078274
325635912
-443665784
208055178
-283791079
-195745540
228120543
-65143743
676673792
-909504190
-786986379
889322285
-947306931
826601610
-959447847
-778817855
-996084171
-864819899
739147899
957272849
-660392623
615759657
676395025
-713305337
-410385133
-473825558
4021421
-954590861
-883197474
-233577290
-485705091
-983047294
-877312830
-827060956
-866735482
501777414
274900639
-611772036
677028444
-728324497
-772997255
-810159847
-350423690
696153143
-866279541
966195787
924951119
-941002663
-305576165
-742529451
-249095341
117184111
17923180
-58728489
182720930
265482349
940048393
-832517441
-455462158
142362255
895460729
735025358
777743639
229960256
102006340
670699752
413671104
428468038
172162328
-842282837
541514584
-294117801
-678549008
262550896
-718943419
16160883
-945735851
388229776
914214001
-342720006
83907695
432128351
787352480
207537921
-499321533
342323805
23181931
940196831
-849529199
-328629781
1142000
-8324082
-874350460
-152561503
-764227575
387442343
-746361894
-932276962
-959861693
-226257242
272631968
367206940
-263967475
585625787
-339843450
-70179919
-489534773
-456383113
216791883
-63020044
-528575133
-658307724
-897625338
383922255
-765488324
506263691
422411659
-167333050
386429827
-687517033
-752909605
-198140566
-275267736
-428859598
56363432
542042902
3430346
-383683683
944481276
372242299
-21201714
-789860875
-668246681
583683113
-804698780
-856937848
-146529716
-101793458
-866528244
-341954888
-865656314
-772262435
-818586013
-764708148
-44009197
-471201321
-711759160
-894902181
-781577491
390108666
-711184213
219228021
-560106115
228341497
443233541
-876191059
-315363205
416507440
395627506
-675901014
195538025
-608380697
-932393819
-382940716
-805340322
444471182
807728581
-990319763
636950289
720927351
383286780
451240184
576287643
-115412332
120561571
-728326033
41842076
-884765131
-280373827
915681730
-760619134
709394004
-549147784
217359386
-742413884
960171631
-579926426
-999858046
-834042717
467469931
-385602250
-785845218
915698165
991269081
-936819738
758937747
-280483335
-698150076
139810073
121684700
-500533698
-996195896
212350330
205590529
490510260
702749311
990259595
-51912166
195627942
-890989898
-449497169
-718932959
-667733739
-388108697
564555938
467265554
-16611152
-73422959
24665958
935426847
-939105280
-523201238
809907137
-473494887
-916457849
26103544
141989296
775628632
701660707
662277190
-635357764
596862940
-995619466
-830190958
-873921566
565926020
385689920
47888484
342155825
-217144238
-754225910
-4470757
-773628238
-317755379
265482996
-976504060
-512464889
149401317
206979855
-490880500
784780078
-561422825
288112070
-446176118
310288854
-361755042
135616513
884518528
879377239
632428533
412147084
685313666
-644672315
-78856546
314953039
-438461138
77412661
754345992
814455364
72238175
410329478
-849110224
625222459
975787106
325882658
17694977
803087954
-821700445
-127019091
-738441312
-133141952
-816967902
-606651032
-400202414
557170783
-834755541
-283107070
-909821402
-865086923
-144212743
-121958132
235525651
317289076
46820114
-466490706
839888607
321288513
462367334
-785672955
-683755889
-137176829
-743363889
-459002674
182287761
-294961099
-871048901
-444582955
-833137762
187349366
-909608396
-155013945
-233471552
-761230305
405087071
-283309743
-532887581
-588977401
-572888882
468104807
508058235
312717864
175840079
876416823
-755437833
142832784
-31501459
-757576979
-256412427
606097839
-246588058
-70377122
-859932205
-376379186
934143925
-383654502
-138768129
405129754
-405554904
-141252982
-613407536
744081406
69892563
484081044
712191197
-961445990
40370371
-837753108
749632059
-708017145
816510289
19777796
-966541776
-273255003
559415770
-859162042
-290286613
902250022
-895298464
-13884333
456370440
-460814184
-844452206
-191091513
226377649
-845489767
-131236712
-94207045
-68962951
-232131070
-656271493
919274155
951727020
854257448
653477314
-509088577
-925668237
-814736509
-357258007
-260579629
-998670934
-533865602
-988316727
-343838486
-487047346
-178967083
343992952
-20891511
933145732
777142582
58553675
-749379855
179942118
841856545
749294061
-880963954
2274457
-904625434
545184200
-766665674
492789498
542497000
776897578
-746208680
237577867
-153912201
-799383421
-970073057
-575311086
-374109060
853013809
640402576
653238094
-900717092
-786924377
304231293
420931581
497447847
-584504140
-552852227
-574884567
-189669919
-89195499
898436355
658662656
-366680367
-122362745
-131656333
-603457949
395588141
-533437991
-62112939
30420323
-623622943
-204500670
-554570768
151500289
803678550
582111161
-347691273
53212913
-706725516
-934060305
-550516836
-859138354
-532161946
-510435204
-283673727
-384962043
-425842703
-910639818
295852993
375977314
-905398927
368176591
-673858762
702316161
647678641
-103774884
289689671
47789326
169962987
202346192
621725779
660466008
-788460490
923820043
469848410
350216739
227992986
-179346776
-552483913
-240074182
528200022
-655192870
674535658
336492332
-700362733
506915540
-435857265
-773957401
-240898941
4771473
-687967622
984686850
-391319506
-388948263
24649071
-769949415
-271630579
668895843
-8220030
151452366
749085156
-328160949
392272146
-685801921
880590900
689520219
-610610535
-16733519
-500850606
-923893877
-986670692
455823520
-62188347
-824618899
-825099031
-848602755
169052863
310798390
-347787159
-827751516
-777386431
-858281038
-804205911
-463312037
101138718
507461634
-370907313
528536354
-72305155
323776172
-97956034
396333381
-749150918
-364412575
480783986
-219362978
-695498096
-856253306
-916464815
586644937
41548540
-112922801
577995878
-871034816
524834779
-838957414
859736638
-760435891
-988747356
-670161844
724268072
344134951
843756040
-530154055
609974466
-599607506
-745962552
-482350910
248079034
-602454825
383150272
322414772
-71725595
415551961
-742285047
-287792155
-353422596
-880160263
-624142075
605741190
878618421
-378625033
-989376673
653646331
818525995
762287361
209814574
-409352241
193563367
-153507668
175074526
-747630898
268939069
-163019269
-444418561
297418981
-459018504
425314461
899000791
-989030214
-144244119
-871568559
-415371366
-175862904
-299064796
905745141
-383514195
-990827656
-963443815
676706716
534677422
-836749990
558217870
564412103
227565754
72342938
756830353
577625811
602227589
-142437292
957922335
49853950
266054637
363962583
136717314
-798575703
-468351930
-95851789
-905995880
919700144
-183245954
-377024099
441388381
-265274476
-775179751
47395872
-852051279
435064538
-8762015
931092003
-753178293
260072434
426824152
-205027849
-713662858
-6446629
633314740
-991737324
-138772596
-984981572
-19695958
-326897074
-138737533
669407483
954584621
-995218192
78397442
-425024608
-118803313
-804179146
457205493
982455810
993184047
-841662986
-873128535
339938682
-587462322
367895066
-189418624
-204981329
-583384688
-928479073
644171116
-876975323
16470875
-857779320
-910677767
764386441
-243359355
831342489
316487158
-480887887
-981378265
436625174
-591220978
776229951
213209148
873622419
-520783106
-123126403
-17312748
-561191263
780609268
-21778926
-95344743
742875779
-931245469
481830397
290956292
718570075
887198270
-355447178
-54378187
511036145
209079791
-964229265
-131788909
171802473
-30791066
-283791079
186950634
-529554433
442394592
-891885060
728690676
-849037325
472307793
-294175472
-175338843
-206791153
523177599
829318099
-108595095
605586946
-104872722
866139742
-659619758
-122544648
-475545327
687534802
547722665
-121399549
-438898206
-716045714
-495508717
884694028
-471521303
747786165
-963689984
-170525363
-503209665
-641978643
-652771434
-719397073
-832502230
-478164054
-871872089
-891027325
801464110
-843061148
-517606238
-118175817
-782278664
-637297511
870680490
52976147
-154045441
-787750118
-23971189
-193263618
40614971
292479377
141444351
874022923
-481251541
709828997
157165227
-224048179
-798036428
679943666
362011054
154676823
-148495042
-766495630
797390970
-664694440
-649381007
-677531791
273015066
60692024
811045786
325305398
747453772
781843387
285157693
-802136164
141722577
-878999546
466169986
731290363
-792341612
147814859
534026170
-951741086
172027291
-153496312
-783438172
-949443755
682907582
-987496569
-989545973
-802170801
792952276
194772806
983367358
720736390
-577451385
129790764
-459155423
-985911920
-839423046
-301621946
-226677969
-574884567
-121677003
190237287
-451218136
653444625
219173483
979078513
873693625
563011389
-409443525
-486127510
300020505
-643856903
-108618757
919801018
326223821
-671047001
-391662628
250279181
-910644769
36818561
-755571076
461526184
11752687
-574655308
-468632204
-366500181
625947864
-609541266
121878667
770728538
-614837584
475236239
105409713
77955173
911555365
537464827
-971126753
-29976246
94248908
-717447003
537098952
-787328325
-373078026
-725213847
-153128640
426670993
347192709
-157695346
-731234397
-674996104
-996519422
593765709
-96024864
355923180
620103671
-555510552
-19032058
528802190
288646324
458668621
-902512772
-114296812
859736638
759390597
-386963969
-893860051
893019174
633366930
-650489637
-250487391
814664793
-216646040
704958252
-389805497
-822965079
505090777
-143148514
661857650
-364984081
866676137
-864889392
-935412739
735106042
269537349
-184332858
586872487
-752680735
85417491
975812065
-221282809
100221399
-912432857
-502927353
227381746
-820273524
711540492
-734704409
822949935
