153947135
95886263
842755249
-649858445
-621025967
-277305406
-531869460
-546755233
-397732359
-608632535
127722147
9441353
-594942216
593962697
-467971433
-118709726
-800528537
-878757072
-603602621
554233889
-970043303
733031146
-370494392
87796368
432286022
805488627
786529424
27576580
-514894558
-502806626
169849143
-599397379
-18418657
-604133356
111054775
-518247922
247322965
-508623551
-223090424
846694365
-735642219
-674715596
-968255285
-798807534
14270043
-882721194
-817010539
-272346338
-410064257
548279862
200401521
540959108
812730607
-841200621
-425496777
-179272782
-843707484
-637327132
786318116
781870879
-446236433
-955688837
-403724510
-711642080
-542076621
-931367967
571103341
342052274
-64395083
-818377699
555892364
432889140
-668484372
387357110
-606651032
-84189250
-544508301
-545817731
366958686
918968198
791186946
332162471
-198949945
-75063102
-852704529
775628632
-792679216
-557993681
957695862
661226749
487023944
83619209
-904174434
-853427454
-559497020
309707461
-798478133
-127993971
-722562869
658662656
-277493923
-142605420
492180585
72128101
-270176402
851737914
452024699
483017055
-957436295
943012425
487062362
603950478
643201537
-868277527
-420973385
405547561
453693485
-122028391
209546096
-750647535
223596064
311612387
-251198332
55792191
338860719
-267812659
-981775917
-877428078
-888069053
-285007170
58924821
-70694475
877845802
-706738084
-535041592
669407483
627228663
-644869228
214555639
528825354
706321505
944677889
247518676
-372835709
795317282
-492783247
-210741415
-37257329
-725137485
-851153770
-226555641
-713326360
610971816
-168273700
414276543
-900211168
-69164386
658238940
428550522
-831578764
-926931865
-165870044
-778680238
41919183
338454159
-943900149
-879231330
-753151389
-313095636
-249529485
419157830
-117849333
-672553177
745249801
-845119722
-475090870
266500122
-902897797
814629656
-946149807
623121217
-88306634
522035962
200187405
729196100
-206412437
-349790842
-669792058
-115692060
-695417716
-289370154
-702643885
-80010652
707117643
228751236
-356811923
-543981806
-757567203
335492784
419806893
804255787
574451625
127306467
565256410
-366500181
-666706924
578162630
595601648
660174518
-119758927
428228646
282221908
-199529856
-350319710
-140545329
-307453152
257220494
954543211
-999222608
-941800562
-352697938
230960275
925327803
-842342310
-553755085
-453513601
754374962
-871805823
-591836068
-477683338
-22788812
-175692019
-3367030
560155723
-636838211
-717530617
733960931
849951869
-302566905
415306442
-918507383
-938186456
200095801
-740756547
-237219404
-871573580
488405714
652650890
945427179
187479343
-12640114
-378827401
219343548
403631100
16034911
-701532337
672648440
-249271676
-820791637
490485128
-638074592
506081393
-5730398
514680105
-161258130
-678268853
-616221849
-268532642
681251012
-756551820
-164281314
-785604356
-808486078
-812817742
-52638813
837009810
-707503513
521797456
-794663887
101858245
883952157
-966517934
-925668237
-489818967
375579436
89896766
927220552
898139543
-157421820
785409964
14105790
169157467
-732051542
-330259648
-335315413
-460922336
-214001873
-899758556
-138147811
767719189
516937721
286369544
22473674
618002565
619101014
967987271
253048744
-68574584
763027084
-650489637
827398457
-896917247
-882494037
995872386
711904735
-196354304
850175785
-982901994
454556479
-286625420
448800191
152819848
264690391
-550671292
-764236935
464330141
-825942254
-800424311
-388894470
-26451078
-270176402
673123063
-895035672
-733102740
-770988512
-319806592
235596171
776586856
460587107
507180371
-271104371
-373413517
-792010934
895713253
908867117
683331042
-216931843
-253581109
517453595
-548569883
682803257
-425394117
53359194
-411321360
903234646
935181290
664387506
-618830723
-193697009
831563427
576656649
558838335
-78099749
-110235439
5902130
671489255
-433528398
-348766740
228758476
894430362
969898485
-735509404
629959347
-892379888
-606091333
60898303
-629279312
593082858
-83510836
-605437655
-476886556
-247995746
-518510029
-50684281
-196963158
-788734800
-938228522
771072548
945017205
-21201714
-782544431
-407964051
879706318
-757569038
744394646
-382760966
370634344
-771815609
766861183
419427819
976625182
-979453005
-815131030
41298864
793306798
-182893380
-709757617
-715713342
-154602202
-374359030
133495754
-373989539
-569139647
-431548289
-985330299
146757690
-138462216
553409336
685785490
108605866
612899478
-19388834
-484363663
78120352
744882159
711904735
-465723429
126993730
-956339939
-42696784
-726565915
-838418551
-265569847
870720599
669254596
335947517
-183351073
-18406275
917263282
-477939866
808661463
196863254
703373851
-421346836
-648418843
438515840
807185159
-361671646
959134184
-122544648
-48695595
-986607727
-494332201
-902313571
-939596337
-650367046
-758514304
207100570
-814625802
-311888736
178984232
756763514
-869419583
147965267
418969202
410348497
450870912
-117532869
-213685917
-305946093
-920731158
-154117915
-176584299
438645160
24735813
-158986675
355300706
-488463861
409180802
687606796
503335112
-868485048
-985209592
-120853574
953244066
-771036079
305019683
-173132403
339369535
-67775870
633531056
592140559
709793063
693485705
-854400907
-427206002
-83937791
-900629463
652430295
-640622394
-787592583
-703101817
-407423413
-815433207
485202331
354329879
534472468
-792062580
-638299171
955200624
301873916
184272556
-769114198
-191177964
366406951
905772365
348492169
-919110010
-581829163
729527521
272077126
-988772817
347232824
939105849
893889662
-476828737
613031150
477305724
295511703
-739658296
-61789280
-648348019
-362932310
89336058
884484417
725408628
-315379190
8133657
789495063
-983460069
754755081
517048221
373315280
391225336
-923796660
-732860989
419431532
662558780
-733537777
-246741874
789683980
-509123080
-678553037
-755279505
-32610494
624434928
802928107
616730144
-840783434
-424160774
26705925
729062409
-429400933
595959411
-711513915
-875283397
411365869
-776629112
491839081
42469653
-207868404
-422942659
-837939192
-513468932
954416762
-886444894
185523764
422219335
335237875
901302334
-875921834
512332778
-813700390
54501344
-824928955
939249299
-120207908
537964224
150889394
343785571
-462769711
278149943
135234631
813052206
906789804
-171153832
1765105
474199431
-553385100
-617172416
120429891
39377164
875089962
182595048
65368198
278194482
-511519205
-78952625
837191103
996799946
-877085178
872352295
-135419566
-722484288
-216707540
-161751510
-753673990
-741011200
134439574
-698224112
-274927391
-632327424
239805651
-446164945
-175256619
-731112462
412782536
248062168
-124573075
-617846026
-690187805
743754888
482156964
-466358541
69286569
699493444
-73978597
667103390
549784346
871378966
-135897769
885036115
414715215
455664004
-212004550
-19388834
159041548
-977922409
-77545592
-145193016
156882161
-994455959
682721584
-181173670
-340829754
-749529020
-672669191
-762860394
703398575
438522375
181388391
-994716163
84292786
113324671
-542981776
379614032
-717480864
-926644817
246857402
-200551728
330092427
-581935211
521021450
948893334
167954342
-764545947
-309307641
-167866258
879487291
-204527919
-842118674
533842763
626948736
-201468252
-500658459
-951833809
-835838430
-18828668
641614319
785379261
-971689284
-923671984
-852034535
-889206441
-761177950
-810082028
346180421
289093416
719123596
432491598
-863119150
587001527
535103483
102070751
763548611
140167865
720927351
-447915626
722452096
495230338
981655182
191384344
938738818
741055268
500674425
453781278
-609201423
642273809
-720866852
-739401060
-48608111
953168846
-868855287
-931131654
567310660
726030621
-123959159
-600712958
-638839737
26849630
319909201
-460469042
697124154
-194101276
463984786
688212717
78600785
618195513
639807739
-18321742
507174864
90578531
780996042
-154526304
-725368213
-932867407
219576722
-770969393
-641373690
975950842
908495671
305155037
-160114919
947854411
-764077318
450126272
-261102098
-557097295
-208366927
-373600313
-461113160
-951144830
938076411
-520594007
-823635483
-845918904
-684604679
-166880328
-61935007
-954176907
302020501
503581932
-929272160
-917578388
860414673
-350252320
-82743948
508231405
-104872722
-184039983
-996902168
157730975
619347812
719744803
-615567076
782590939
-257587312
-932572290
988344303
-716675530
-917853049
-942619012
-72247624
117651983
-174047777
-937407513
-377078431
345783230
-148186357
-109699417
-339731836
580886545
843532211
-496297129
-995960641
442986645
-48314167
644668657
-935295527
330804788
134860912
886232265
617822001
-463866300
-892963543
-429415997
-132975947
-667216274
780537897
-778235550
-789908589
-606632769
127113989
-197206478
-343348673
373708544
-917014178
680408651
-469595216
576175352
-618974569
438486606
162789056
-717688968
-959374737
-405352361
-177277014
-180953312
627677761
294585418
889975182
-320060391
755727098
-681698025
-291441647
-510040609
-840797915
510830871
-813241238
-824064403
661647089
697020286
-233666288
936128589
613908996
832786890
991707817
97616269
82640150
-111917047
-903895355
-578346478
-977716305
-316741398
-812284102
160401243
-820352494
-826127505
991176176
-32928214
474899444
-259358586
-318308636
-530804629
-825461935
607766529
681033522
306881110
-840365214
-392156143
-465798764
115426265
621683855
689674743
-852618695
137128074
-311263176
593113147
-784534265
912056111
-774430330
-115131982
741388120
171861089
-878586705
-489076790
188302607
-759770377
369961985
-757576979
590017370
-885387122
12097526
-233063828
696152189
-659619758
-868019400
-885634723
-960507131
468967256
-198983735
302001395
468177690
-941800562
-679113847
-813814142
-869965368
-384530460
766305457
244041898
-747402232
490953468
-878762160
-282773720
-18219466
-999873217
358286026
-494768402
692387806
-498633413
-613845485
-826884951
-917853049
592319046
431531926
-548035601
840145086
924228401
904052894
-992191716
-361866085
-886169659
-488626617
-692339856
493430735
887667289
-398988329
-760470425
932747126
-389176360
-248350051
383714110
260072434
391939886
-738671287
-766534638
-428679703
-966311475
-709564403
-591516753
-702985963
-549966578
-442816781
-513129465
276189849
994084969
-698106346
231516213
-633196659
519893555
-132678479
-955291134
888152419
-557955959
-300444809
-143434440
236745826
-683256613
572476275
-518212006
-749384860
352120272
-193089946
-666706924
-760228620
-146108637
-800148812
-176658640
-733005570
-723246455
-734284418
-335890176
813835071
-306532806
-696351412
-568862995
-883709089
-982066253
246104077
-532046588
-590429302
-816377052
631715426
-196199744
392614289
-749501094
986436386
-985593880
-254554667
-684363044
-562949592
159057200
29643586
745233358
297327586
-1595199
-439816838
-315381883
-992652708
-523234069
-358162997
565066755
-949982955
-120570350
484051198
860414673
-20388701
973458866
-769010159
-40758655
-995344679
218188967
376438178
-863998957
-694905921
-98106671
424380898
131424286
802128677
614484658
96428155
30046803
-624346916
-190776696
-613493307
-792523182
-958392375
660785877
133647640
384605753
-866672481
317440315
867209382
-197783963
835705196
52790760
-339294927
-162507793
-821021092
942005943
-274784280
807100568
670101583
-232821668
716030279
-260695260
-823780424
-23077781
-859386816
-451625875
-874247656
637782871
-376520397
582680255
-409752238
-994927932
869242645
503368911
-751113601
718783934
-910134963
23742598
-711411523
-6978167
388037288
324822417
-766212257
796362661
-987178736
-345351991
-999829500
-763179067
-687759453
305224722
522100662
648118334
537486987
528578605
-991160190
11292102
-348603737
89194131
756874538
-891885060
-141474126
-790796351
-861728
407717781
353546937
-171286643
-507326474
-531191314
-140418802
62809393
-289146307
764886391
919677082
441199698
409242786
-346428618
502990413
660280160
-655566516
-325120150
564323511
419753438
932845855
-196543478
-27528343
96813458
-236585679
-90402856
-143675351
-948675472
-595528487
-391525445
376425926
-301439305
-507771088
-80320992
716849686
-816262135
-195431549
839714672
518625620
904486183
-521500800
-43540232
-574635738
-77945705
-1332185
-786437566
454839979
500070882
511733124
868107677
-599363670
-444339937
449842055
-812176393
-189831278
-563959127
263066453
-839487926
159951546
662622483
-303049325
332478162
-167728707
381846032
230801642
-222424916
-155697841
-811948824
-132567684
-269810227
500479157
-526006168
-602246492
552222270
115496822
353136792
110925834
523963021
51828199
-681610140
299478178
545728813
27766952
650823260
-737055832
-648398591
-486979418
-993351613
-387001923
-257423894
352879898
963966748
868654428
475571246
-627395239
959823467
348508569
555079701
828652931
240780892
-923712394
730985572
-992007078
347128922
-971779002
874343278
-920385668
392656654
-148637761
-220959823
309102114
-362985286
595722136
-759546052
19075589
227427225
-403711346
-72223345
-733154784
748304145
-738972024
417190707
598352976
35052030
48213402
506770621
-708586593
-328411063
735896959
-866687407
826448185
756234953
52282321
606152118
825519908
-705251318
-713478224
-567207762
650345170
-902210606
-886438289
657694121
-498909278
-241036396
343028262
83614452
36536765
68903104
-910604300
-373642407
-147754295
704242571
-946127386
845036443
396501104
-312818936
464793925
-559371322
-258252005
607050101
196155844
-126832543
985210724
-275293731
-567784253
-864222302
4841576
-798172871
-723149545
-32403732
-50961040
-60702650
-148714482
896230497
921233880
-946636238
368452758
-700047066
837289440
-252227196
-45522413
-813619570
-264218806
300889653
435980273
-323059586
341655311
-334406685
838577450
260630524
883567399
-443330704
-11127907
-20893243
517876673
-365672335
-107221208
-338963705
-743977192
761589706
519644523
98226686
-833846387
-128403120
-164043850
19791800
922965770
-772440456
293665095
-838069305
-725137485
-253786288
-658697181
79151856
593297579
-218984005
-710821180
-912848917
-707149946
219017301
-818036758
551579479
-996910533
701110190
51748672
-857371672
769792580
-523786830
47747386
-705705602
51813246
-999731805
715836205
-800437650
946915636
-922957948
589917524
819678805
869323656
213117379
893936418
942725265
-102496835
500070882
110387158
938557052
444491973
577302854
-828982017
-157987475
856994136
-65831398
436792392
78129906
-972043952
-893315230
987976502
535439088
-502136152
-20741527
557593138
-194613833
-555030877
909250155
414318686
707563340
127766089
530363920
9304472
764169491
517167665
-848499576
-702723325
-572300159
44688108
78865725
619347812
56854692
-182319232
-774283486
352268979
674908015
-497025551
527311550
-78678030
986028720
-862117343
-737765274
480813137
-620733779
541546421
274139031
-7180113
-930286668
-244960318
682176352
57656957
-329998795
-384379703
-464214751
304261344
-930135173
-576643396
-530050854
811298651
-950146631
784897514
-936800729
405131791
-746027645
353636204
-276804716
156387468
708373816
-57465854
-885082994
-389643396
218188967
-405391945
-823482633
-992066186
423371577
-818969399
-138981951
-36803264
600177937
-895799062
-905270984
385113809
-620816082
195354848
-143725090
-57470787
-725304569
-869419583
107563923
-330824815
409092357
-372015157
-187959814
-990577515
-358210447
804472316
-353247964
-794500836
-625714514
-902715715
485417616
156882161
-999936469
510791365
957318292
837383811
-337590503
-737588972
-417876525
-566331451
-197950226
78365042
502434045
121543292
-820022570
-425320911
-887620416
-239289768
385575892
-486461111
825208318
572728493
745186133
718764866
-395689212
-868034072
122137813
511039094
255388963
-829648438
451381574
240687801
8054272
507020245
-939903436
-514061965
684969131
-345286417
-6561872
-816245016
440486194
817516686
58239791
793576211
-803412149
348148392
-761508203
-391739510
215288116
-301290264
-862719241
-702566954
-535831628
818882346
808911255
-670860294
977976425
-444789035
627582505
201518791
-210150798
-176939782
445704482
-912042627
-575596692
-886438289
-726711199
-750608268
654412665
-497498386
424807005
-946976525
-204483989
-274023254
179153899
-924200453
-620102155
-560283394
-774147355
-811808343
303585514
296047568
68649318
-986303599
24642728
-116187954
241491775
228834815
-376394793
-944177338
580177204
-791186123
679813424
611383797
-823859241
209514853
828909643
-587269099
-974217950
640800723
-808963310
-823719360
934193065
257155007
474732723
-700151598
-432467116
-988187520
-886062086
-842976160
-403613535
-207225999
-200027324
-431262276
716947179
921676031
501645743
-849110224
-328118421
-199004668
-306448323
952771372
-222655474
-202093869
-613878521
-463305987
-750233562
634310292
41294838
660073998
466704050
153059152
-613241734
360670080
-717557256
771714180
-224706863
976527524
682103179
955917716
-196429820
-104871128
592017880
-80950392
-568350441
-951361278
-917270530
268644814
-784078618
387357110
-154372962
406276353
254970078
672492086
-365640308
747691157
361632025
-654268748
-704866566
815654830
-706921462
-375770103
-958308453
-667426545
-48314167
-199540048
972848779
984082940
-927585046
-127400602
709830239
-281495786
121645332
-152762318
372266570
-262243677
622253799
-789258444
618581691
677320640
-57859650
-329570861
535360585
712007603
-994617831
94268674
-661203584
-645258509
-305837105
-909647378
881677250
527468712
-53120529
-580206543
994645712
395334926
746229465
-855079733
-924768951
594817958
-734629984
-257105782
-24305622
113013799
-808212871
-583812973
-838198144
-930213780
487711096
-411148866
-806890319
-735632201
-300025412
-853276322
186076750
-776110369
653519860
-463836698
617616405
8358557
267733333
76674134
-271599587
-617546778
-140322397
-437430297
-408951637
-996519422
349158141
529691775
-932293621
-313714108
215689178
-592188756
897939646
-718694942
718991415
83069567
959293027
-418731765
468348590
187587117
-529290755
997677560
442928942
-344778126
955306437
-520088658
64750058
991751432
987565730
-339734981
-275382105
826759550
17440206
383796854
87013712
-874034770
-564754575
-252545589
29927788
-74201940
815635190
854452492
-93387530
-956376978
105115508
473044756
989233409
66914258
817516686
-928556073
-960905550
431740365
244788354
-894927703
-780514179
-185099040
-690457872
-747031658
-295582172
637968227
-139029691
876061122
-344313007
-462561009
-896292597
538391162
321066200
-374764512
-468174154
998059109
196354570
-238713513
470204004
-984871444
563206009
-878231064
-796641015
973943977
254876838
87339075
-372916663
-680280203
438323983
180842773
640675279
-995006100
49083378
-555657780
79430772
-952721345
695830202
401366711
258523697
34458775
-793859158
-973562773
-56224292
4552067
306767000
215109901
373545896
461285561
223450380
-226770123
-199889894
-968613408
208108716
863412902
-707826038
-928931316
754217304
934517006
-348398340
824621626
-798150590
357529882
-643414096
703697329
-418228848
110322833
-323665832
-82447045
-201111463
-620603171
177220357
33900624
47089628
534137470
-656482177
-10828896
357563744
641217898
640254710
739107123
305209837
-336930109
-793830892
980530705
-443874211
993184047
-812689972
-442129473
-737798140
-266691085
237942158
-677477908
-528025914
114786924
145885592
961467696
353543749
-999630331
121645332
882951154
-803868951
-9021180
-527509560
994335144
-842824025
928270467
381418073
-621534810
-580422052
-430704151
-771409719
-967269295
-7911739
-451027192
-269159570
774948341
811298651
810289821
571124297
-196750466
925526902
855646441
934360565
-330820433
245022287
107615597
-876166384
-208420139
-569527904
-826483618
-446577296
712779968
-875612562
-839423046
-248152970
-229501483
-858107594
718848918
-589139004
341599845
-13610651
306656420
79061739
-54862930
-89484456
-177954936
103565334
741388120
126276089
4240673
-1685690
-383413765
-118462802
432595826
-995279768
-45685667
-853302303
-78761682
425877797
-299793967
-944717981
197421136
228523840
-279460726
947414545
788749401
-638471871
-206147413
470505104
8830502
-617164310
-834682706
-717238538
-266317707
-931595223
829492120
-243835210
-42478027
528531343
-228394591
809438234
-613818676
472665029
-264218806
181999318
-117392565
432249530
422064445
-320080203
-248310112
-685005445
-693075742
-44417368
-828594206
-760078396
53738988
507811214
66618945
-33403904
-421147036
-834961008
313968964
481601695
561337890
-676168500
703295675
-872830785
809593592
-784348335
-751937908
346817713
-630246690
826873230
-568207140
284516705
-231876751
-985955014
340018452
-860182446
-205957352
-455068278
632166126
317686553
-279252371
539915683
-966629391
-299658208
266405026
807832101
289298980
314993967
366015726
141722027
580738561
-494730088
195669079
-519178666
-120695396
376281252
709579530
933626570
-298748817
981115430
911119212
-61774369
253267907
888244355
884928792
-875408476
563746021
-520707093
-319090849
840705778
-671238615
-946636238
-855265455
-814750389
43600234
280290273
-227301315
-899345645
-436368271
-280242629
-734882852
329731249
-129823328
508302065
478835719
-80017952
613144757
-891602460
-599423972
-299526380
145241531
-539427703
-720423757
-20146439
46456928
-735866971
-116532220
-29465787
250301861
-560209151
-53423660
659799791
-672326855
-271400994
296985965
438253625
-71398981
-457303439
-41538366
429339598
57010383
-350776996
-910608721
346180421
-46513870
169182933
559707513
-821456805
-125277179
-15987881
-825550982
805841388
-530708527
442000616
595088125
-696971959
443047105
18310735
528477843
960531404
-522208568
398438890
406817781
-694021021
-144972621
397326723
-959207971
-33757405
-437311702
348148392
-737303352
-552582982
-668959731
-624630331
-841256594
491023709
-286208748
-105787244
303103842
-887513510
-765015071
-913432791
-331591211
-616566612
154337944
51644391
-949607344
355828987
509402226
531542020
-909952590
157785895
-999546370
-912836319
567593571
41488265
606562993
-897856495
-511177914
299220041
-630478267
-131819287
-977615834
867091683
260661621
879487291
-999330917
-613853939
236139409
-6301261
59637813
-922782272
622127352
-443313236
-806583276
-18668370
387575688
423816874
-802971084
317984019
82131320
354171703
-712839962
-709987731
819119105
95459983
-765991684
286129693
282282964
-635433433
-635609465
98180163
-85077500
-778612664
-951785315
-80916628
-464427224
400540962
-890529327
823646101
-374858372
-20146439
-274763953
-782471737
641511392
-8762015
-932829985
584544116
800936028
950959523
109237715
-773450932
55792191
-967297672
359604264
386329954
-80942999
575785563
-389033672
-971503225
-289377395
11739875
834053550
14270043
-741557422
-856542895
440179583
223799507
535312725
728571475
857606149
55194199
-187275824
667636586
960203210
-331591211
-872504712
-380552215
-122748910
-364139529
-11573308
-638854683
-491617127
438232305
-500911683
857876984
-341543274
93806905
-46103650
135799846
34989085
465944661
-391412125
-18825805
-672354162
-665940366
-577637940
830577401
131558307
-575169349
247564327
-18745303
728199277
-877184213
408986606
668585862
-518857690
786712925
-669317640
-721270854
-955720776
-701754574
-89483742
344854138
789416138
-627166492
-244385299
-17022416
-853276322
-684087505
-800437650
-471607775
-946618947
438227632
-731420079
-637953394
-981296184
-39642166
-380309428
354663127
493142508
837172222
518615063
779886849
553405975
312931760
539940452
-615952715
-118989609
-955049110
-452741571
-992603537
645424089
-751330973
-285882038
626802927
-706761027
57665834
688645784
691704690
-64983204
310044373
-646248456
178419164
-815846789
13912241
846801273
-700965055
-765118413
221756813
-441192384
369285997
-174651323
495507938
691654084
-182890968
80587595
-62983228
884910099
-786394872
-533188919
-339746399
459771857
-462830519
-545110829
-929416155
420568329
419616753
542657196
31045608
313881318
-61923982
915834354
302018499
-552052996
872016303
164030004
42149401
-790994625
5582327
580147199
199814711
-530224194
-949767839
831784781
928068191
732683525
139194291
350448445
377935842
-28957823
822938217
-967041447
272399643
256104022
-714341625
956139972
-844050636
234376526
-69937792
38395444
-590469913
989344739
482971171
155935924
852376691
-668606849
-794752460
543593785
809405758
-18977962
-721580430
399843431
278914002
-143925543
-823407106
-367518651
-445204328
-374740947
-390306204
989077818
379082443
496391156
751344930
-74951317
390686797
945552824
-795575094
119555230
344743006
146792318
641018464
-756317103
72128101
369771599
-603461378
243797179
418969202
893889662
626667883
-609351769
-230772318
607493542
-921419198
-67086884
591607302
-688619563
791815504
-732740876
274672900
376425926
-6704484
-130680448
-609867069
612854495
489736950
392789089
305703096
452461940
-767932015
-366048411
-134124614
-153657953
-288410347
-714045481
28578200
957805743
-7600689
22496873
-677564339
-466764597
-350355383
-895346690
86539910
-655566516
407531687
-83328823
-301439305
-600787779
406672090
680167178
-869088335
-196357342
-151712249
-60577117
951801794
-128110478
340986636
488968890
-207776256
-905695578
-81479376
131636326
-619803349
-224324206
951240247
317062403
604665886
-713542874
-889773071
180979147
385490397
143993149
-633407705
-676704834
874186162
498832067
892581432
-934989693
905818369
301660431
-449529686
-83478165
109440074
848659831
222448326
712903514
-336930109
-836851189
-17197651
-432625718
-945988401
145877089
948067269
-325937595
-673563465
-822969224
-252791610
-160955296
799918567
222120807
710185954
297469878
-740034129
729730816
169599079
626685666
-69261168
-639211200
753335946
130479742
-964745464
-512624996
-359768511
-121637531
860485112
856941709
-205283495
383686039
699288487
473667942
-86775490
698138031
476418327
-328702297
-276248063
-417246877
916146064
353775873
347733410
-235069068
461135396
-113667845
-636613984
739064119
652832130
-690917719
-332919313
-470162264
-334406685
378137164
-427969196
-265974871
-49805731
-691713107
745405670
110776732
403387771
104584519
-936351508
-776703887
-120281347
1703002
934193065
-683627117
146020465
-917440852
-368961311
728708681
-157927308
-937876779
396733633
50132301
-776868822
806816121
-484800687
-859600410
971840325
510837971
-480577134
935326117
-759185625
-579065134
-699272657
426276296
817178324
-462551027
-546719901
774646257
860083948
-908804604
694730284
-242012106
236644954
-584256665
991490516
-196391836
-976394371
516839515
418541795
-930135173
468156913
-939112415
470036068
-479257558
560083497
-517180812
547454039
-221211833
54807734
-246852754
220768379
169330555
-634519660
-316242651
-250557233
-979560820
727144339
699705856
-521289620
9427611
294912718
79290286
765248160
-734560251
-173000210
359738641
-269363537
-291757971
-797778207
-436098942
-794581750
-25464199
122131037
-969115222
395042912
369947837
2015723
-972658848
-413950932
-768214000
-977899312
719269186
-510593124
-847419046
-712863734
-548917326
-725304569
365431295
-924045198
149553109
-540187733
-794593708
32775645
-467462004
-736668807
914581344
304619160
-706074862
-867598081
-348256394
412391538
174811905
-249271676
-854629634
37209877
198960843
-867600979
247470173
-922418799
-982088873
-829363111
-967049557
-794872906
-305468181
-268218318
270711888
-944900817
763763694
-644908788
-202842014
-247919646
273339954
717022141
-160957491
-775853762
689674743
-342720006
-599429302
-969659138
880672825
291581469
-236916947
-879577621
-55387721
201780059
516340427
-591287742
700204758
664073417
-366054485
532757311
811045786
-206816362
260760979
-318019123
-914716787
-612261243
715462329
337065339
-470830822
670336113
93910308
-779987247
-804439632
642429245
357767059
697019837
422056004
-702382093
-889312776
-32640428
-857082542
750540219
-81395223
835402915
-924886144
-213289686
645044498
32398558
404952955
784627703
28716497
-280638213
226824493
453434352
-69157604
-445931524
-626401120
-964770066
721728262
87957793
-791711339
-871568559
-981023979
-128011899
-3927034
607698124
-39696571
-973664895
-502051669
980826489
251182712
-171547010
541199780
817192019
421201620
488058662
616298566
677880861
-473211290
-190701972
-691390815
-213911627
-370822043
308703023
-14358239
-862721365
-569145798
725338826
179871896
401542484
737050423
-43998009
-305535437
627905206
-906098171
-919420302
610411004
-842028268
-22711926
-897716563
163778063
820765879
938328460
462791075
-622608112
-956157430
203128586
-655093907
650452969
106070550
754900115
246454308
-253527917
-981569152
-564291473
675316502
-988112185
63972907
-974217950
-259598607
-823046396
550914924
-449655932
-873398004
-842981218
987758873
-730219649
963558255
-464646543
-821839392
-98953196
-7594092
-82788980
304485836
-858846422
254750889
9427611
679716153
-637562215
-308308713
404113743
-761675276
782659078
305694420
255358309
-14361844
-916787701
96883184
-395998806
423515880
-350897683
-391080685
573026770
-797550187
650107866
-939471481
221344818
-848830959
483223599
581176106
61553235
-743490678
539344561
-755198651
-357773673
658413821
632449713
-410795023
280564189
-148692637
218935941
864825225
-820949865
925866136
-759753990
-186321556
-979652349
-971020614
-718283704
-895395240
-721554961
-529163572
-926459625
507226228
-355424799
-260160785
427272671
-89336987
-418233761
-259641590
-499555627
-896413552
71506715
-658088873
697780603
-10622228
991569612
-903229623
124419483
10265728
-858761894
84366034
-286598015
-742125016
65975259
481615582
-494730088
-820242482
370664419
847813387
203676649
-27985969
151015977
702609951
254115929
151261310
-249603327
-264517784
-450913758
-259257280
-967515660
118735778
-114963625
72323394
222443476
-729017572
-712359374
-844961953
-212614919
799918567
-891749797
-734647181
249110297
-837422511
-785835932
-182181073
-481965142
-636722072
-917180889
-507717674
-878622265
783332453
345129439
-497728985
129762199
531820757
2591815
-810294292
391056381
719232899
548650400
100511575
-266542756
129407081
947865889
-767886022
47497668
427543245
640221695
249655351
111650131
167960626
-915098990
-696084188
-803416047
450234645
-446192534
357472963
-162838820
-133400397
-518459726
38836001
-957762478
-768076173
-469519385
-36723510
892630811
515752786
-401771311
-830937083
-743977192
583590687
-988272035
-747745664
-493910083
485807133
-536196114
-796560048
-744775163
453414370
-30135524
-23269514
759737873
-574312932
-793580198
-426921779
-813477514
-8443128
-132867011
203141354
-825892125
-692657343
-194022815
-993276024
-564934667
-584094592
931865865
-743662994
246086103
-146164307
-283431525
-114710468
986861568
-25408501
492622335
-670597775
-835303986
-396928410
-605429489
-652111651
96199406
-750379544
112965211
-18365418
-386238454
573714616
425110670
336450066
-898159072
-207011324
-270618807
-975914042
34283724
-6103511
-731212155
-976182349
-873128535
-999936469
747382582
802031334
-25368498
264482763
883568550
-969100072
-926217085
455199046
-305709165
334607424
848741463
-713593773
-767397023
628657038
159032991
626454907
948396202
914619503
496455358
-756738189
65227666
817019028
-987811871
173706837
-442551292
536612828
-484031947
92191635
-535831628
142561279
-955298466
-922401504
-109637308
521635868
-790844857
377935842
-479071478
740371545
45798342
855638899
96918228
154565414
287124132
-87174571
-554572581
-128710605
435774943
-843094455
102442116
-613241734
-786119373
798226113
-852760856
-133002824
-900128786
278149943
-392070700
217065552
-481256856
257527223
936175899
-825101644
-839502315
241743871
148693776
-163975856
628592623
166573613
-628114957
-816796344
606432927
-729301576
-299530309
-720192395
-629970882
-834303881
63220741
910619734
-147249400
532587089
-134981673
-736510799
-494332201
209601897
-44157341
-808562573
832982786
218853407
414741910
214601995
567896463
-48394392
-660664353
228914258
-421686392
-640301605
-655704057
-724698189
-59838784
622086221
-117670389
-931969839
-909832368
-680646786
-886444894
161736435
-996024086
-896252993
-210741415
-116086190
496822094
204188626
94473779
-78056416
-246733275
-360440979
-403860316
-839192274
430768489
948672422
126388283
680011597
-598573583
994579378
821245202
903369482
84962660
-964567790
322846107
228644358
656294820
102536776
-787091536
-750000859
416237806
111680941
-4521876
-878722337
756234953
-159446245
914348464
722767830
875439881
-589186842
-904210445
-658172013
-137056164
630867866
-702033626
-778605626
-471226886
-431594753
83603514
-593692572
159902366
-187430467
320781181
-940143925
966871077
851994877
-933446902
-172536962
5271844
-25021696
538160817
-507092429
838008434
-416574985
948989375
100833384
987334457
123723048
-931695643
886615578
350331317
261717723
-313709120
-381538133
970992215
-196973954
-581063801
-700555480
-805944568
-321286551
-131526363
633541825
993504979
810365997
-320306481
820843377
-883119039
-365146361
551165931
761272533
-709936665
-784529825
-888549028
-238896158
-517919600
474242222
-450936279
-449125053
-985558317
-248628508
118914755
-644908788
-854400907
737796580
643590991
142388384
-637729134
-676652041
-960384778
-143675351
-344911409
394610250
182338421
681033522
217430022
904599825
-282132444
316561243
423619736
492975035
185622556
-267563271
128207308
-552257191
-301387841
589450228
-792718441
161715775
924570286
263661307
69311099
-863596295
999376027
-792021703
-242588512
-120833747
658662173
275056564
672697518
440670314
-400504827
857839767
271029609
-498633413
986028720
616201518
384799800
303341690
967925728
684781254
-825461935
842477163
-752156762
571156821
-14626528
-401561859
-395411155
-286256923
-262574016
-972853355
-403736169
777251594
-752861286
770697232
113663330
-636029784
-909332750
557756325
635935443
-937407513
-137421734
-915334278
-529168875
-166145879
380087673
991348705
870665665
388148964
424866255
-755796788
-8493990
447974121
426131860
737906925
-900875551
-234780499
703605595
-743734176
243565133
541979033
36585649
-815997779
-46498872
-217583890
763371966
40847091
-214670218
-270396094
756662038
-682127034
-288042389
493351615
-786830035
315129252
424440548
-985209592
-33896207
506136865
137906381
484047803
-280286920
-240596382
-229022439
909443200
-797920081
-263913540
918087295
-636161598
-695687988
92873191
31672878
-358724373
-80950392
886373083
-781471363
546207225
86558583
-416843692
673686895
-569945644
875354606
-285274630
16769153
-820234521
673864097
-974333754
525998709
449580518
230801642
-716045714
-95947045
932645144
-728643809
-900419868
160639868
940542218
778249884
-980266478
-828969398
494779847
-243428484
-616613525
-30460258
461176150
-639859993
878428672
-992794350
250299694
-548452628
-317755379
-600032186
-499977725
-836292338
57865986
-746650664
194941295
-17581484
-713758344
55168005
-257522735
413621371
980024525
706309385
640891888
-323665832
-446176118
938016025
-468702998
-587497902
-622057777
496770669
467016693
619694217
-44476954
-215886110
-875861379
-631367799
-429400933
508573278
-227034692
929281890
18494184
-455051126
-724444178
-183862167
-620946887
511756362
11021115
440682932
779886376
-777957108
-680910126
427601917
425954853
-981159071
785760853
341391870
91074100
320605990
-732535413
705723795
-521990576
919952838
351604996
-223080541
101230212
-791206966
-946439077
962578556
914046743
-103466997
-595378088
-200411056
-930904935
837009305
547026000
-362526615
-614795626
474980829
-915937797
-921289543
-719081707
-796831292
-976142731
-736898238
-835627997
-701138644
-54620576
-466179949
200052014
90506091
-112182781
260476313
810137297
-147558441
57485075
-981847268
-48428002
-451930103
414528023
-725010529
208213071
-217867663
-618595938
-515877831
83919717
-527769215
-38843604
-164996925
-247976037
-221329881
-161303520
379860766
-750265814
256803282
450333994
-776446807
371533066
692831603
-100983544
730769001
-39437288
513274016
11739875
367717005
461031185
141425974
-70956860
-613959037
167510601
511930348
-387001923
-834680617
-950184843
-371910977
86496649
167812499
-995273429
491107377
-319677046
908963226
-273927933
-463709092
-266927382
589229425
-845572512
-885100315
-638511689
973064161
-193260240
-987692065
322098567
-128289941
614641815
-752733514
591102982
-786843251
22239822
-902012847
781419615
195471665
-172431150
466112421
-615892499
-908864064
803007522
826898930
-878122245
-642295517
873960447
469214140
-854406779
-270381700
-805304525
211816617
255693297
-450590561
706309385
-777108780
323099454
503413154
-712559285
492582352
-588100176
-224416590
866995088
-142038557
-70956860
-940148376
951131481
-258991606
-733753881
882973337
-24251720
353128842
913744877
967244676
871765610
803123985
847172296
856506087
-684817477
-191230942
319362708
150430573
-586129365
-46103650
983199899
877212404
-574790046
144399441
-993983352
76691286
-943900149
553633739
559576212
-11427021
-286078538
748810291
-810867243
-729638329
-976961781
-796481584
669761506
-706087152
159041548
-418780970
-775124310
356211151
44072678
155359812
-135952343
-488289866
887219743
-542518142
-912408
-471627985
-986784346
871145287
-985452845
-936346882
-368015878
-725114056
976367943
731554519
583590687
-160107739
-900753124
295998030
-816262135
-804802343
-867864765
276466982
816997498
-87068291
797959407
-432335121
-173544681
893834389
-774664352
-187692477
43439655
-191739354
-369799570
516117241
-634771890
137905810
-469354055
-292459264
-482889493
-365865926
-983318806
530382698
-980291259
-789540389
-213619839
135946734
717176839
-345599413
-533006843
326845910
922161739
-461990139
-407419803
-942666984
844898373
-976491652
853247137
-814197925
26430988
-276839046
-802921169
692387806
715008521
-874096924
758848607
181094821
225743723
-960152930
-837602976
993840310
-476543277
-348625674
187279716
-170612395
-661692235
-854950554
1993273
425809913
-263219422
-899986666
-121072460
937944057
-719853930
-591220978
-533364871
-253644804
992208747
-617437886
-147558441
904702592
208651912
-739037033
71142634
390455425
72587155
527981948
-715825117
459446819
-750647535
556339297
233479936
303822259
-159039197
230776745
-918672296
-957879756
609689282
350384743
-784568117
725521504
-707607962
968950327
-385745061
210275828
-992769919
-763197652
-581868155
-1105443
-306422091
848358946
-635983951
-962567284
-442551292
-527130149
-244532440
118769406
-719397300
-107221208
229310829
-982307300
-380501492
-870847489
-464646543
56412134
553002076
723477550
-904293944
973974502
-843389801
645424089
-575910439
-366487595
-993531924
-886991108
-503544975
-641120652
219017301
-736637186
666037365
-161332349
-809547612
-397104825
-51370398
-771557062
482430788
-765488324
-991999665
186740240
-786593879
270711888
-930850354
551752837
-60419992
488677654
-997329166
747098272
-924637105
-658165503
-125861160
-528992570
618154352
259528089
51183924
647835586
737796580
-707971726
-45393045
-346778829
-718134149
686025841
384485001
115811876
661629346
-167333050
-892583165
41837484
451649650
-192661068
610188534
-914853070
-717557064
962630515
-867126064
528432238
907336224
-915188051
-946001642
-889738931
-131236712
5394780
18593965
49616878
214601995
468051639
209579571
926026685
-348969471
-339138811
743257490
458786901
-669079673
-684762861
-224373209
693801080
379860766
-339843450
-658453921
888171103
-575311086
-775245481
977105927
879762640
272847461
-821950718
440313844
20546163
-611813784
916239747
757871558
-786346241
963356676
791528626
-335140430
474201824
677000070
855556928
225262171
-735717097
444054677
-241449655
645746136
-985567491
367807708
71478746
-402054163
-415877851
-241617391
568145647
402210261
563782485
-136001409
703664135
318866028
635879080
490112560
-662276964
651417558
-948908914
-529566707
-27948532
-307553217
559324196
214856457
295511703
26451467
469138600
-155091205
-288373050
13375831
674415713
467173144
838503354
807163744
574252449
470027492
-810477987
435920335
607155661
505284427
707734511
-161694279
-100449314
658674634
-427514470
626384841
-404118023
-818683155
-289146307
-876395180
-382618225
-255635874
433961985
-28795940
-912836319
206780175
271029609
127497880
-234061788
563854749
-686160089
389971508
-494627082
-669181350
8289233
-137072832
435655921
742740553
-25157171
-77639352
-581873184
-806080001
118499143
-232700672
969589582
-263770875
195659322
277981166
-68442702
-53120529
673864097
654359334
-777224165
25967183
444735697
357179138
-380023536
-896424713
-760668353
-827681294
-789465270
-956370025
-435385873
-615281438
415376357
-804382488
174811905
906526193
957126647
-761109507
-166356797
959216281
65315181
371471433
610289241
-159740451
-770988512
-231919150
480457205
-331167378
-370875448
72274214
17840210
-903094706
-432355489
-154866216
-296624474
-376453156
-852780829
-268005127
-466034524
-467878775
-893447971
-736514307
-444175668
291248460
-335899601
72016715
-909868422
-709338693
329946797
-350547769
-620587554
666297242
606891350
512036216
-693010939
-582986243
653685886
-232131070
892044828
644938313
749331651
235402406
-866596362
-210008912
223374185
-359215314
671620170
-936808314
-559239740
148341129
256443658
-806431495
723998997
-680710172
121937475
633456681
-839791106
753335946
554057868
-960258022
-161493060
73389478
-827114326
-744765520
-931135038
-503139590
-260108545
313631681
-656546153
950174029
-889065437
-981544814
-982293677
727126754
-53145667
215579116
132986571
-990165605
789416138
815973016
316131943
-743753292
857359612
982034510
-624687631
-822008992
224086257
788154417
982034510
-243976826
576656649
-686455343
-995644818
-489113748
925327803
-930460540
329288676
-201582255
-756295150
-820791637
478973339
961057446
-749700747
-742545463
924640438
-848056647
18079343
333335921
-65686548
286277416
603326238
-557993681
-793859158
849092523
-393186887
864530767
-922719354
-187380734
996957926
-243976826
-747816139
-376501292
-69688357
497263561
398791892
954983746
47749488
-199655330
-986942558
842166028
-196952704
-735370593
323913013
585395278
838078616
-746732299
-873631144
-704532183
694781369
-493110027
-350559268
102184752
928510100
347722155
-206308844
544991794
945331613
-607898285
-513466836
-912612504
990438865
-593136219
-768675211
-890305596
709089822
659663602
-791467602
-581500427
-249557701
-508321021
245316077
-603326109
-664692949
-60351044
-298301552
-929218928
-217944839
181203741
207508683
-709612013
550898708
712474946
-473003400
-862970215
147417339
-330524576
-280116813
-682001743
-998041505
606874178
831668037
-960767017
139365346
64367180
660634211
-352311256
-858846422
563011389
617384024
-468439672
-166119018
243116468
712950619
304724519
745344150
423328103
-430330680
-278169555
737796580
-932969535
103430409
337781889
401323900
-32693274
-739761235
549407995
73462159
614873360
-29074917
-303462536
-180324036
-748809466
-697094846
843034248
534398883
108403410
508058235
-277602681
-857230368
112861048
250256676
188691150
-994600869
357637275
-629836130
-904173563
330808042
-336746763
-828459823
-572082341
976045902
564741519
378519087
207863332
-489076790
-299934838
836226934
-329070311
-641286371
392913085
-257398497
907446037
-892002551
-435133389
154981421
-557266831
-622011145
634604305
130614680
325211472
-444067727
207346640
-283938259
-198034883
227529563
-65544147
673408471
-909779778
-787030551
887875516
-948147051
825843050
-959997077
-778957742
-996090739
-865002887
737318626
957051789
-660474175
615532342
675938808
-713356419
-434261074
-474054282
4021421
-954744499
-883258775
-233801100
-485780983
-983110638
-877374041
-843040449
-866819802
501777414
274695053
-612137711
677016889
-728324497
-773036663
-810185458
-350450257
696016568
-866944504
965898434
924011504
-941101387
-305899049
-742584000
-249299263
116204608
17416256
-59702192
182570901
265397866
939640260
-833498183
-456483678
141794124
895335949
734461267
772060356
228644358
102006340
670361593
412125046
428125454
171837985
-842342310
541133175
-294276217
-679523240
261741963
-719535480
16128525
-945955050
363632684
914154979
-342720006
83692559
431989168
786763189
207261489
-499360869
341548870
23049995
940190076
-849767292
-328702297
821786
-8486740
-874383679
-152608485
-764347788
381256776
-746447565
-932293621
-959866262
-226475012
272281864
367010167
-264606884
585265749
-339843450
-70956860
-489597422
-457266886
215950133
-63525567
-533620097
-658457921
-899806755
382350342
-765490849
505364277
422219335
-167604685
385862042
-687730543
-753593595
-198456818
-275694971
-429480775
53496017
541817801
3186098
-383891670
944272015
369399663
-21778926
-789951207
-668358667
582300199
-806043387
-858349892
-146563760
-103092927
-866555659
-342126557
-865661180
-772283036
-819770076
-765312284
-44040987
-471470034
-711879809
-894968598
-782476536
389811184
-711327482
219107593
-560396947
228120543
442314129
-877269467
-315446626
416220689
395364325
-676231411
195363845
-608540266
-932572290
-383261845
-805486442
444363916
807376289
-990853218
636817677
720740651
383150272
450296109
575767992
-115414903
120087101
-728443593
41800117
-885044929
-280483335
912815630
-762409535
709353090
-549394669
216776357
-742416929
959907170
-580832457
-999864354
-834403073
464905683
-388624986
-786299711
915168013
991154531
-937127930
758926795
-280683641
-698224112
138357221
121645332
-500960030
-997672382
212294418
205320241
488929161
701414647
989844777
-52160137
195627942
-891828284
-481706239
-719034720
-667970208
-388318702
563825792
463073741
-16931426
-73796217
24548551
934938561
-940014491
-523467938
809755638
-474079489
-916484569
25967183
141196709
775628632
701585133
661647089
-635434985
592103196
-995676272
-830288814
-875002827
565269850
383148022
47841820
330032030
-221337561
-755007573
-4966274
-773913911
-317828465
261869493
-976504060
-513323195
149401317
206488848
-490956946
784773776
-561455946
287945589
-446385590
309102114
-362007499
135478216
883230391
879114815
626455812
412090200
685226304
-647803800
-79044349
314937536
-438864716
76769201
754222217
812654294
72054020
410254136
-849333024
625222459
975764306
325779628
17611115
802799198
-821881710
-128759033
-738468374
-136172336
-817048190
-606760399
-400371472
555263417
-835242336
-287052205
-916967858
-865126580
-145049113
-122020323
235357951
317028980
46485088
-467281746
839667562
320633649
461653278
-787091536
-683945791
-138054229
-744604855
-459112387
181932324
-295151848
-871061048
-445204328
-833946638
186653092
-909665572
-155814802
-233565872
-761400491
404581154
-283517432
-533408741
-589186842
-573919297
466112421
506580514
312620600
175423532
876416823
-756738189
142766626
-31823826
-759144470
-256952509
603093890
-246741874
-70508837
-860123449
-380501492
929892794
-390365975
-138772596
404953682
-405598240
-143313748
-613753993
743408801
69619563
482908142
712012421
-961461752
40151660
-837855199
749131632
-710240495
816155444
19734616
-966617780
-273257683
558898552
-859175249
-290467695
901742488
-896110354
-14292726
456312551
-461018538
-844691309
-191199812
225975936
-846292234
-133514239
-94600816
-69902743
-232449906
-656405026
917409758
951335062
854094243
653342117
-509264490
-925751912
-814750389
-357586772
-260693224
-998759130
-533991149
-988523807
-344351553
-487078440
-179507514
343975358
-26789322
932277802
777103304
58321614
-749442745
179253165
841545326
748286551
-881257618
2257284
-937169523
544798619
-767346022
492264867
538220801
776828910
-746509890
237482374
-153912201
-799660566
-970371152
-575428341
-374287864
852635315
640276169
653211410
-900753124
-788206892
303858201
418238942
497077809
-584564368
-553108578
-580237076
-190009267
-89481509
897873943
658312124
-366793130
-122362745
-131788909
-605413962
395334926
-534263199
-62137041
30376247
-623728599
-207868404
-555236436
151435958
803013044
582071100
-348497159
51270644
-708217463
-934171451
-550635928
-859162846
-532279292
-511612068
-283738192
-385401880
-427093891
-911516436
295110711
375556624
-905580682
367807708
-673866336
702155903
645552568
-106000353
289644500
47747386
169962987
201241905
621632343
660348315
-788483409
923820043
469754432
347926193
227824943
-179459492
-557984495
-240495165
526755930
-655192870
674482102
336450066
-702180807
506902103
-435896043
-774334550
-241013614
4282118
-688234554
983753845
-415371366
-389008336
24235845
-773887064
-286968316
668585862
-8595608
151406993
748575108
-328207425
392163958
-685837739
879706318
689288482
-613853401
-16856176
-500911683
-924079197
-986670692
454051492
-65988469
-824640805
-825280187
-848839103
169037879
305155037
-347920923
-827840807
-777596783
-858313051
-804439191
-463385060
100204731
507387095
-371007387
528478544
-75845966
323729517
-98090220
396205182
-749442745
-364684095
480671512
-220931230
-697209067
-856342919
-916631085
586307576
40403947
-113016684
577681363
-871048901
524732983
-839103891
859416502
-760478856
-988747356
-670567824
724080668
341841033
843300086
-530228288
609802392
-600787779
-745962552
-483284335
245110751
-602645080
382734010
316018429
-76057076
415310211
-742413862
-288879760
-353559383
-880295314
-624346916
605610172
878380336
-379717163
-989502019
653453946
817242212
761775586
209630497
-411674796
191816791
-154226202
172316136
-747978527
268644814
-163672598
-444512810
297327586
-459127870
425233436
898417482
-989082260
-144362669
-871568559
-415496618
-177152001
-299849583
905522319
-383947349
-990864429
-963495636
674893726
534351861
-836865126
557994081
564412103
227529563
71909286
756820282
576619668
601911043
-142539493
955639118
49763571
265788527
362954966
136716647
-798665874
-468522504
-101320224
-906060601
919406623
-184332858
-378429899
440500742
-265460012
-775193037
47228900
-852155175
433692141
-9136009
930874329
-753318584
260066754
425801138
-205027898
-713818254
-7374417
633279997
-991855103
-138880510
-985193186
-20149218
-327025609
-139517882
669104153
954515243
-995331473
78129906
-425066414
-120570350
-804183569
456870084
981856040
993024579
-841788964
-873274108
339896877
-587693306
367770671
-190331685
-206641129
-587420355
-928564654
644126743
-877269467
16434438
-857840531
-910756709
759807713
-243490091
831285988
316429325
-481486222
-981625419
436240205
-591534601
774900407
209493328
873553422
-520901764
-123126403
-19692759
-561344622
779919871
-22136209
-98288610
742740553
-931344168
481435238
290808139
689646636
886959849
-355598123
-54620576
509286802
208765510
-964229265
-132023059
170782218
-32858083
-284444484
186338599
-530433111
441826299
-891958460
726873494
-849096361
472269366
-294354583
-175413600
-206893984
521910996
829265541
-108774554
604832303
-104889436
862479626
-659815417
-138377512
-475551948
686854107
546529771
-121451312
-438928505
-716176461
-496381670
884023465
-471544975
747051146
-963749749
-170567073
-503525617
-647324769
-652806579
-719766128
-832529473
-478284196
-872040261
-891193523
801387343
-843239095
-518626366
-118302537
-782321359
-642395884
869585647
51212972
-154117915
-787948006
-28448509
-193557170
40303321
292417680
141425974
873839031
-481677499
709353090
156937284
-224373209
-798184209
679661660
361152623
154544879
-148552154
-773913911
785717062
-664809226
-675695285
-677573655
272236567
60510234
810720383
324840595
747225554
781822078
285156116
-802263266
141425974
-879057111
466112421
731105237
-792358447
147598167
533899974
-954275942
171719120
-153886916
-783776143
-949550571
682890899
-987526335
-989728797
-802264729
784897514
194569399
982747833
712003178
-577940824
128885419
-460555187
-987864067
-839738377
-301788568
-227034692
-575283781
-121819821
189857120
-452041653
653318465
218897025
978839094
873585153
562873675
-409478133
-489563369
299522523
-644265531
-109013641
919564558
326088277
-671905574
-392374458
250273278
-910875533
35546128
-755764749
461074763
11639313
-578101486
-468649691
-367483797
625833862
-609759623
121732133
770728538
-617159145
475126463
105294059
77751467
911158298
537138351
-971211103
-30214739
94000281
-717449313
536261390
-787466088
-373216586
-729287620
-153478099
426573401
347071360
-162886648
-731420079
-675005041
-996681003
593734630
-96328481
355705585
619982819
-557793347
-19052136
523597086
287353672
458494107
-902713561
-114619477
859466699
758369975
-387602287
-893906983
892894339
633314740
-650609497
-252707598
813598344
-216698540
704696567
-389878685
-823251189
505051390
-143678362
661697015
-365057800
866208011
-865006437
-936248858
734986454
269507954
-185099040
586822313
-753985012
84962660
975682915
-221445137
98427072
-913047198
-503525617
227038464
-820352494
711313459
-734764988
822839090
